-521 -1272 0
-1234 579 1
292 -1843 2
-906 -396 3
263 -409 4
612 -814 5
1340 -104 6
-447 1074 7
-1924 -242 8
234 1087 9
1297 146 10
-815 1802 11
-1547 -97 12
872 -1386 13
287 -1394 14
538 1690 15
51 -1400 16
-395 -1771 17
-511 993 18
-100 -621 19
871 44 20
-167 956 21
-400 -1222 22
679 832 23
-568 216 24
946 326 25
351 298 26
677 -1708 27
1410 582 28
-89 -1852 29
1415 35 30
-364 1681 31
485 -618 32
-1442 -413 33
-1227 -1058 34
805 1194 35
542 362 36
1579 -1047 37
-649 -1647 38
1336 369 39
-825 -1711 40
-943 -1590 41
1103 -1052 42
1539 878 43
64 -275 44
525 -1669 45
-1243 -126 46
-1625 -1010 47
-427 -1237 48
37 848 49
605 1730 50
-1007 -1055 51
-939 -738 52
1255 -1234 53
-1294 -172 54
692 -1025 55
487 -959 56
-1237 1202 57
495 -1558 58
1045 -1190 59
160 -734 60
1073 1241 61
-879 -1142 62
374 1006 63
939 -1273 64
730 -339 65
732 -1484 66
865 -976 67
839 -1015 68
-402 1836 69
1082 429 70
1783 -462 71
-96 -1033 72
938 -494 73
-688 664 74
1072 -921 75
-774 -1493 76
220 1708 77
-4 -1232 78
-965 412 79
-1529 -751 80
723 -641 81
1193 1294 82
-347 -1816 83
-1929 304 84
7 -215 85
-598 -623 86
-1169 -932 87
1498 -1170 88
1220 1395 89
-1829 -657 90
579 -52 91
401 -1154 92
-1941 112 93
-827 -1484 94
-1563 294 95
1930 -344 96
-1240 -1556 97
-1139 -1121 98
-733 1490 99
