1125 -1237 0
-120 -1315 1
712 1246 2
985 1222 3
1435 1039 4
-322 -1311 5
-825 -603 6
-1085 479 7
-1124 -966 8
-1412 744 9
1736 267 10
-878 1326 11
522 868 12
-1818 -592 13
1309 -983 14
-845 1300 15
1446 997 16
-808 -696 17
282 1176 18
1571 -177 19
1785 688 20
-627 1342 21
1854 124 22
55 -182 23
1182 -1143 24
966 -1446 25
1299 494 26
1974 138 27
-948 1144 28
-262 -29 29
-1828 -661 30
-784 -948 31
768 -1569 32
-1078 342 33
-852 40 34
1564 -654 35
-364 -832 36
389 458 37
-962 -509 38
-1552 -308 39
-1113 -589 40
-48 674 41
985 482 42
456 1251 43
144 1318 44
-163 1128 45
-1395 -1315 46
-152 490 47
1008 -1508 48
-855 1144 49
-891 -1515 50
-270 725 51
488 -1710 52
1122 -987 53
1448 1080 54
231 -1112 55
1754 593 56
-1459 -694 57
1289 -1446 58
1307 1109 59
-1227 337 60
-1486 214 61
711 -1482 62
-370 -1829 63
-320 -1852 64
-1588 -95 65
-460 -268 66
1350 1438 67
1141 -1463 68
615 -152 69
896 360 70
-441 303 71
-1313 -973 72
-626 91 73
144 -674 74
-47 1075 75
-1863 -8 76
-1656 259 77
1827 692 78
466 1293 79
1417 852 80
-142 -1045 81
1370 1306 82
-889 1088 83
1543 -698 84
-1344 -531 85
414 168 86
789 -280 87
1344 -1194 88
917 -1643 89
655 1729 90
592 982 91
1242 438 92
-1076 1018 93
465 1073 94
234 -153 95
-216 1175 96
1161 1044 97
975 127 98
1557 -601 99
