93 -209 0
1159 772 1
457 32 2
848 -575 3
649 686 4
-893 490 5
-114 -1958 6
-708 1859 7
1516 -1304 8
848 265 9
1546 833 10
323 952 11
225 -1287 12
-282 4 13
424 -1716 14
33 1435 15
213 -1746 16
-589 16 17
-182 1291 18
-467 1677 19
-466 -103 20
193 1927 21
-532 60 22
-435 1221 23
-1578 -254 24
709 -1825 25
857 933 26
-625 -437 27
-168 -9 28
1624 433 29
806 -152 30
1821 -538 31
-1781 -751 32
-674 -1874 33
-817 304 34
-169 1037 35
847 -920 36
-283 1651 37
1009 -1625 38
-87 888 39
95 -1454 40
99 15 41
998 -579 42
-1033 145 43
1194 -1287 44
-624 -479 45
605 1771 46
478 1931 47
-837 1110 48
1058 -1535 49
-33 -1550 50
-345 312 51
-906 1605 52
1218 1242 53
372 -92 54
938 225 55
260 -1946 56
-1056 859 57
-1849 -118 58
1175 570 59
1242 550 60
-1247 -1187 61
-205 1912 62
544 -500 63
-1204 -271 64
1619 -804 65
-1410 -308 66
-1928 -288 67
1662 841 68
1062 -1327 69
-458 -791 70
92 -1436 71
-1401 1311 72
223 -1475 73
985 890 74
184 223 75
-806 1596 76
-1054 1554 77
766 1709 78
1486 -440 79
328 -1640 80
843 556 81
347 659 82
-480 1275 83
-1466 928 84
1194 563 85
-1370 818 86
-208 1535 87
-285 -1193 88
-1256 -630 89
1693 1036 90
711 197 91
-37 -426 92
-864 1032 93
-350 -493 94
-561 1030 95
59 -372 96
294 -669 97
-933 1576 98
-916 -817 99
