-1436 -640 0
-1228 -803 1
-483 1295 2
876 656 3
733 -76 4
151 -731 5
186 -1908 6
-258 293 7
-850 1056 8
-1281 -267 9
-1684 217 10
-878 577 11
231 1284 12
-607 840 13
-274 -1260 14
1239 673 15
566 560 16
516 374 17
-85 -637 18
1083 -176 19
-1386 -1393 20
236 -110 21
1032 -984 22
1255 -1198 23
872 1388 24
783 1610 25
-114 -1557 26
1197 -75 27
772 -956 28
1127 1405 29
-1373 1178 30
-99 -277 31
715 1148 32
1579 -110 33
-1581 1017 34
1835 188 35
851 -1038 36
-275 884 37
569 940 38
-1316 -733 39
-514 541 40
-107 1657 41
-1358 -721 42
65 -1711 43
182 -456 44
-819 -1677 45
920 331 46
224 -872 47
-1128 -221 48
1471 -183 49
-383 630 50
-612 -319 51
-159 -1032 52
1528 1206 53
-698 1254 54
390 952 55
784 -57 56
164 -948 57
816 1348 58
347 556 59
-569 -1544 60
762 -1142 61
-97 1994 62
1235 -715 63
282 -1221 64
-836 -51 65
-65 1667 66
-586 -529 67
1070 -42 68
1244 342 69
393 -704 70
1821 471 71
-802 435 72
1826 513 73
-463 1632 74
385 -893 75
1536 -80 76
-1471 -553 77
996 1339 78
-713 -446 79
884 507 80
389 1784 81
-1735 246 82
-473 -1875 83
1738 861 84
1620 1086 85
-659 1649 86
-626 -1402 87
-69 -1687 88
-1616 712 89
-815 -1772 90
-24 -1788 91
-1238 1479 92
558 -923 93
-6 703 94
619 -1083 95
-916 173 96
-571 -465 97
162 619 98
-512 1894 99
