-1485 -429 0
543 1597 1
-939 1675 2
1428 -20 3
1612 435 4
-594 -451 5
-322 1253 6
1165 701 7
1136 1056 8
-731 -1568 9
1146 -509 10
1317 -1023 11
1458 -720 12
137 925 13
-1840 -383 14
1333 894 15
1519 -338 16
1164 -1002 17
1881 -274 18
-661 879 19
956 1016 20
314 -1888 21
643 -942 22
-467 -1116 23
69 1491 24
-995 -1678 25
1308 1376 26
24 1563 27
-391 -391 28
703 -792 29
291 -263 30
-1782 -13 31
-1522 -1125 32
688 -98 33
-1260 93 34
438 -1000 35
264 -1462 36
465 63 37
1202 313 38
-388 672 39
265 -897 40
-980 542 41
1701 221 42
-904 1008 43
-365 -1074 44
-900 139 45
487 -1921 46
446 -670 47
-529 1129 48
1934 -148 49
43 -886 50
731 1843 51
-1838 665 52
-942 -1156 53
784 1217 54
1112 374 55
-2 -386 56
-340 723 57
329 1408 58
-50 -189 59
-1710 965 60
-689 -471 61
104 -625 62
618 -1894 63
-297 1510 64
-191 -1948 65
394 546 66
-1538 -943 67
-311 -34 68
864 1108 69
1306 506 70
389 867 71
-566 -1411 72
-88 -138 73
1625 -757 74
-236 514 75
-212 -454 76
-36 -343 77
1661 1056 78
1793 -658 79
1202 577 80
565 -1810 81
880 339 82
671 -1654 83
16 -916 84
-918 719 85
-179 515 86
478 -193 87
-1403 -804 88
-752 862 89
451 895 90
1316 655 91
1768 -469 92
1155 625 93
-774 1304 94
-215 538 95
292 550 96
-171 1253 97
-198 1725 98
-895 -1320 99
