-93 -1322 0
-614 -943 1
1929 370 2
680 -811 3
680 -762 4
930 705 5
1136 -1443 6
372 715 7
-409 -1005 8
719 686 9
-1742 792 10
204 997 11
40 -160 12
479 235 13
1835 606 14
-1682 52 15
753 -85 16
695 1217 17
-239 -67 18
1990 101 19
-187 1451 20
69 -1671 21
1580 -1191 22
-1723 143 23
-640 481 24
786 -551 25
1289 135 26
88 1306 27
-928 -854 28
-1339 -953 29
1079 -1334 30
1573 -813 31
1059 -684 32
95 231 33
1040 -89 34
-75 -257 35
-1537 299 36
1724 505 37
-1805 159 38
1834 337 39
-561 933 40
1811 848 41
1386 -1038 42
-1375 1358 43
-1739 641 44
-6 -1157 45
-1534 -785 46
140 -1514 47
356 665 48
-936 951 49
-1149 1101 50
79 -510 51
-178 -1512 52
-1523 298 53
-520 -572 54
1148 583 55
1237 1008 56
-1263 -154 57
573 -1397 58
-1116 1544 59
-1262 -651 60
-317 -1302 61
-528 462 62
-1617 617 63
-799 -1505 64
3 1694 65
-461 1551 66
1915 168 67
898 1545 68
-1925 -206 69
-789 -802 70
1025 1596 71
-821 -1390 72
1721 -509 73
768 -227 74
-790 -612 75
-368 907 76
-328 1251 77
-484 -343 78
-969 -145 79
561 -1592 80
740 800 81
-27 -1306 82
-1375 -733 83
-1552 -69 84
109 -1856 85
368 -1885 86
-774 -1390 87
-334 1880 88
-1355 -1428 89
1167 -1459 90
-884 -947 91
-933 1751 92
-1512 -1255 93
95 -1362 94
973 1476 95
-916 1635 96
501 -821 97
274 -1426 98
-252 1048 99
