1672 39 0
-543 -1011 1
694 792 2
889 1452 3
960 -740 4
-1770 823 5
-926 -1406 6
1144 733 7
-334 -1195 8
1264 -1268 9
1495 67 10
1564 -812 11
858 1638 12
-968 1534 13
-1127 1464 14
531 -113 15
-1626 -1145 16
64 909 17
95 -110 18
-1511 612 19
-567 -1890 20
-122 1209 21
1229 1128 22
5 1134 23
-620 -795 24
269 694 25
612 1839 26
495 -1550 27
-425 1522 28
-1255 -1257 29
-285 1509 30
898 1363 31
-319 -1239 32
721 -1746 33
-226 -61 34
-868 723 35
840 533 36
1238 1106 37
599 -1071 38
-569 1626 39
588 -678 40
1047 1428 41
-1449 -1356 42
-1261 -997 43
-188 -1555 44
719 -1169 45
1033 -373 46
280 893 47
498 123 48
-1767 126 49
1106 626 50
192 -207 51
505 -1586 52
1060 905 53
-1724 816 54
1114 -540 55
75 1285 56
-491 -1841 57
-1684 -177 58
527 1330 59
-1761 -222 60
-501 -732 61
1489 -1241 62
-1604 728 63
445 -1209 64
-689 731 65
424 883 66
6 -1824 67
-1772 -726 68
683 -1867 69
-1334 -329 70
-1056 805 71
-1106 653 72
160 1663 73
152 -616 74
850 1758 75
360 -1677 76
-1422 -585 77
375 1869 78
-1296 157 79
-743 -1621 80
39 1360 81
1046 -903 82
-1269 -973 83
-362 -1925 84
-327 1466 85
475 1880 86
-746 -370 87
1431 -1307 88
-1168 1591 89
101 -1510 90
76 -74 91
629 -1417 92
36 559 93
-1141 536 94
152 -615 95
1594 -498 96
-1368 814 97
724 31 98
-713 -1249 99
