576 1050 0
-949 765 1
281 476 2
-1503 -258 3
866 115 4
347 1509 5
-1222 -237 6
-868 407 7
-544 -1786 8
-526 103 9
182 1290 10
85 695 11
-1199 -1518 12
1732 -122 13
146 -901 14
-1187 -936 15
-987 52 16
-835 676 17
-670 -1579 18
-482 -1141 19
-561 1041 20
-1811 92 21
-1133 1358 22
-1575 -456 23
393 -1463 24
994 -1217 25
347 599 26
-701 -1642 27
-171 631 28
331 -1263 29
1914 -353 30
-413 1116 31
-311 964 32
-1719 51 33
-510 1357 34
1035 -429 35
-120 1991 36
1041 931 37
90 1662 38
-704 1548 39
57 -174 40
-17 -1775 41
186 -306 42
-1475 305 43
-1650 -730 44
519 -1541 45
750 408 46
-1224 -1346 47
1221 -54 48
27 -1719 49
246 1436 50
-75 577 51
-1003 -1358 52
128 1279 53
-509 680 54
-603 -473 55
-1128 1617 56
-787 -1399 57
88 1760 58
-63 1236 59
-1836 126 60
951 1686 61
1916 -256 62
-318 9 63
-692 -1555 64
428 -623 65
762 -922 66
-182 764 67
1291 628 68
-1526 -281 69
-1446 -1315 70
1620 -739 71
681 79 72
197 1664 73
77 -1701 74
604 -1348 75
767 -921 76
-780 579 77
-1072 822 78
-813 -1400 79
-1424 116 80
-1814 273 81
-1971 -282 82
369 -1394 83
-1575 -849 84
246 943 85
-501 -1480 86
-1588 591 87
1144 123 88
260 -1568 89
633 -1517 90
275 970 91
-417 -391 92
42 547 93
1193 846 94
1311 600 95
680 797 96
-312 -1933 97
-1325 -785 98
46 -1876 99
163 195 100
-931 -1645 101
723 -855 102
103 770 103
1723 -997 104
1293 778 105
-1222 -958 106
1020 -359 107
-1283 1279 108
-913 799 109
-1505 95 110
-1662 1057 111
-1366 1227 112
-14 -1076 113
-496 -1198 114
-544 -716 115
-179 1930 116
-712 596 117
1322 -1027 118
-232 -700 119
1140 1415 120
433 1858 121
416 1198 122
562 -425 123
-905 962 124
-1442 -209 125
-795 -353 126
867 169 127
1540 -126 128
53 -1725 129
1888 552 130
-248 1763 131
831 -1511 132
-596 719 133
686 -406 134
1059 -584 135
798 1810 136
1849 -555 137
-300 -675 138
-1289 848 139
-1155 -471 140
793 -1674 141
1737 -529 142
640 652 143
1208 -1585 144
-969 249 145
814 1028 146
-455 -919 147
-926 579 148
720 345 149
777 1761 150
4 371 151
416 -1103 152
428 1849 153
-506 1289 154
1726 -573 155
-85 1609 156
1188 -729 157
-1777 142 158
-1801 -538 159
377 -1288 160
-1363 -355 161
-475 -1255 162
-423 -1217 163
-30 399 164
-1475 812 165
1515 523 166
622 -794 167
-214 -1977 168
1035 -635 169
1109 -1659 170
381 -835 171
1350 -1450 172
-952 -753 173
1025 -496 174
701 650 175
-220 -35 176
1295 -542 177
192 -456 178
-1144 -438 179
-670 1351 180
-314 -1201 181
-502 1224 182
-1132 261 183
491 1126 184
-346 -1617 185
-190 1508 186
-519 123 187
167 -1978 188
-657 1813 189
710 1664 190
1347 -477 191
1762 651 192
1038 1704 193
-47 1617 194
-286 -1390 195
-1772 153 196
-391 -27 197
1513 -1067 198
936 -53 199
