-317 6 0
548 -606 1
-1359 1074 2
-719 1720 3
-1116 409 4
1526 -104 5
-1308 989 6
1332 -1062 7
1018 1376 8
543 1297 9
-1471 1039 10
634 128 11
980 55 12
952 -448 13
-1673 321 14
-1732 -125 15
369 -1389 16
-1411 616 17
-1521 -678 18
466 -270 19
1491 944 20
-1475 -1244 21
-475 -665 22
-1567 816 23
-219 -1511 24
1348 115 25
-1113 813 26
1520 -652 27
1370 1357 28
-261 246 29
391 -700 30
421 1827 31
1348 671 32
-458 643 33
38 -280 34
-1622 -107 35
600 1489 36
509 -1072 37
620 1834 38
-90 -1876 39
1140 1327 40
-1712 -209 41
1363 -1090 42
-992 1193 43
-1747 756 44
-567 492 45
1390 -1395 46
1194 -340 47
-1135 -680 48
-105 1230 49
565 -776 50
107 -821 51
1689 -69 52
1336 202 53
-491 1695 54
-396 -1230 55
-308 737 56
-1211 384 57
-77 -1633 58
-378 -547 59
-488 -1466 60
-945 1181 61
-1474 -1162 62
507 -1459 63
54 509 64
1305 576 65
152 -1820 66
-1709 931 67
35 797 68
-927 1705 69
-485 -1424 70
692 1823 71
567 1776 72
-1389 25 73
-399 911 74
1358 -176 75
503 -1934 76
-1719 437 77
-941 -1039 78
-861 -1027 79
959 1417 80
-695 1787 81
259 -1161 82
-1271 -1273 83
-963 -1338 84
663 -145 85
1482 -275 86
1805 298 87
-1788 -530 88
966 1327 89
-835 -1654 90
-635 33 91
-1012 583 92
-1003 727 93
426 -1158 94
1220 1106 95
-1571 -1026 96
1204 1581 97
1054 520 98
-474 984 99
1941 262 100
-1120 -237 101
-458 -1208 102
-1113 1552 103
760 -841 104
-1777 124 105
-386 -1382 106
-415 1700 107
952 -1480 108
-870 -349 109
-633 -1343 110
-301 96 111
-1647 791 112
-1125 -1279 113
-1260 -753 114
-494 14 115
-1929 403 116
1201 -662 117
-1062 297 118
-666 1594 119
156 -1154 120
-784 -1660 121
418 -40 122
-205 260 123
-79 1412 124
462 1065 125
-1065 -1213 126
1873 -292 127
-1227 1360 128
233 1050 129
-515 49 130
-1097 28 131
1364 1062 132
624 -835 133
-1442 480 134
-1631 973 135
810 -401 136
-327 377 137
-1314 976 138
834 -1069 139
-572 -496 140
601 1657 141
984 -1215 142
1952 -162 143
125 -392 144
1106 32 145
1001 296 146
-852 -182 147
-977 -1458 148
-952 -841 149
-1548 -843 150
98 1269 151
1033 749 152
-206 -1591 153
-271 1113 154
-1804 532 155
506 -1637 156
205 1799 157
-217 -91 158
-1592 752 159
-1900 -508 160
-681 -190 161
-51 -812 162
-874 463 163
-986 1169 164
680 -1761 165
-278 -1072 166
772 591 167
-1095 1153 168
758 -9 169
1083 678 170
1551 -678 171
-1068 162 172
-1384 -1093 173
1666 -842 174
763 789 175
-20 1373 176
-1317 -868 177
1581 -192 178
-1023 -751 179
254 -1587 180
1654 -231 181
535 1243 182
-1620 1069 183
-199 -434 184
-1306 62 185
816 582 186
-1231 -669 187
-780 -203 188
-542 201 189
790 1585 190
-259 616 191
118 -259 192
846 815 193
-1786 425 194
864 1032 195
405 441 196
1767 -718 197
582 -1857 198
1285 692 199
