581 -1899 0
10 1176 1
440 -967 2
-1130 644 3
1462 414 4
19 -1843 5
498 1333 6
-1564 -110 7
-267 1955 8
796 -216 9
1906 413 10
-62 -1822 11
-975 -1018 12
-288 -930 13
422 -413 14
267 -1934 15
-1252 367 16
-1626 -283 17
1202 1160 18
1721 204 19
822 1697 20
-804 -1568 21
1004 1585 22
312 -1218 23
-20 -1519 24
-435 1223 25
-1079 201 26
1016 -334 27
60 -160 28
1000 266 29
-848 83 30
260 382 31
-333 -326 32
-1602 638 33
-224 -716 34
1423 -552 35
-1434 -1122 36
645 -252 37
445 1123 38
935 1169 39
-656 -1616 40
-1142 665 41
-1744 659 42
-145 24 43
-776 -202 44
-1871 43 45
1192 -1537 46
182 -215 47
-340 467 48
1483 1083 49
1726 -646 50
-768 -1426 51
-544 629 52
1758 303 53
-734 1472 54
-1115 134 55
1525 -504 56
17 -564 57
334 -445 58
-488 -763 59
-342 -1449 60
693 595 61
1665 527 62
1538 770 63
-877 73 64
1263 419 65
848 485 66
-318 864 67
1369 -499 68
770 365 69
1181 592 70
-238 -1733 71
-635 -1007 72
-737 -345 73
1049 -1359 74
81 1292 75
-805 1052 76
3 1553 77
-221 774 78
322 -1232 79
1024 909 80
-1190 697 81
1802 -815 82
112 1737 83
83 186 84
67 1442 85
1225 -702 86
675 -412 87
-1481 1332 88
90 1498 89
758 524 90
257 -939 91
-146 729 92
883 44 93
347 -512 94
-1003 343 95
-493 -1319 96
220 662 97
-1429 -211 98
1191 665 99
