405 352 0
-1571 -609 1
-1098 504 2
-1743 -178 3
614 1071 4
-295 -181 5
1148 -556 6
519 183 7
593 -540 8
-1446 1350 9
-1133 1533 10
-1619 1072 11
-1741 -309 12
-814 -639 13
244 -614 14
1156 -1519 15
444 320 16
1243 312 17
271 1709 18
-1142 1070 19
-917 1339 20
-74 172 21
1876 -46 22
-1310 951 23
540 1743 24
-21 -830 25
1171 792 26
-511 1748 27
811 -565 28
-663 -241 29
1138 -876 30
711 717 31
595 160 32
1089 1327 33
-46 1120 34
-1049 -1189 35
-1189 -1073 36
1569 409 37
1481 706 38
-435 -86 39
-1059 632 40
-551 -750 41
-1352 347 42
261 230 43
-415 1090 44
1298 -1061 45
-1544 -180 46
-640 958 47
1208 1305 48
1229 494 49
258 -1132 50
-1119 -902 51
1419 -148 52
103 1313 53
253 714 54
-977 -458 55
658 -1608 56
796 998 57
707 284 58
415 -569 59
-688 -1183 60
-1378 190 61
-200 -354 62
1717 984 63
-1174 -341 64
249 -389 65
1153 -884 66
869 1162 67
-621 -1422 68
347 -1744 69
1810 -174 70
385 536 71
-1390 -1227 72
-1437 679 73
488 1487 74
-1452 -610 75
952 1115 76
-348 1073 77
1091 -220 78
1343 -288 79
-1005 -236 80
-23 1919 81
284 -213 82
1134 38 83
708 -188 84
-1377 -926 85
1580 -492 86
-82 706 87
-998 596 88
238 1288 89
1541 226 90
-1432 -260 91
-1729 423 92
-122 -1734 93
-273 518 94
-213 678 95
-507 -1227 96
-1468 -1237 97
1043 -1457 98
710 -1011 99
