-349 -1344 0
584 1219 1
1823 -106 2
-123 778 3
-550 1044 4
1006 -1030 5
1368 -595 6
-1060 -871 7
1360 -429 8
1768 -272 9
1003 1346 10
-1534 477 11
570 -274 12
-1052 -285 13
1592 -1013 14
-1013 1186 15
1881 -421 16
1005 -922 17
1436 -46 18
-92 1599 19
-71 886 20
80 785 21
104 -1312 22
816 82 23
1710 -919 24
-1410 1333 25
-387 343 26
1162 -463 27
419 -1260 28
-1708 468 29
-1130 -1430 30
-1449 942 31
160 -289 32
-1005 557 33
-793 1709 34
-1021 -231 35
290 1616 36
-1066 -1237 37
330 247 38
-560 765 39
289 860 40
1407 248 41
-400 196 42
1470 523 43
137 1902 44
-260 -1622 45
-1841 3 46
-1052 1048 47
-568 -1466 48
1782 -399 49
968 -560 50
1202 917 51
-1712 463 52
539 -114 53
191 494 54
-1052 -1583 55
-305 551 56
-715 -608 57
-1790 -301 58
-604 339 59
1251 -1390 60
-698 1300 61
-1015 -574 62
809 -198 63
-796 1077 64
-1265 -479 65
301 1369 66
-41 -1356 67
-1678 974 68
-200 -294 69
1643 503 70
-1781 -673 71
-531 -1034 72
-1136 -1017 73
-865 -235 74
-95 1783 75
258 1732 76
-110 -1120 77
1224 -112 78
1357 325 79
867 -415 80
523 1152 81
876 -242 82
358 -216 83
980 1355 84
-607 821 85
687 505 86
-581 -1229 87
-621 -1895 88
-179 1941 89
-1282 -687 90
-1108 -749 91
-617 836 92
794 426 93
-841 32 94
1161 -984 95
1649 602 96
1523 480 97
155 82 98
162 -1078 99
