-567 341 0
1138 -333 1
-1645 186 2
1641 -1085 3
-586 972 4
841 1688 5
788 429 6
1476 -1019 7
-1513 505 8
1419 745 9
-132 179 10
204 229 11
178 -1884 12
-2 -166 13
1025 -1423 14
386 452 15
766 138 16
-1731 806 17
210 -1643 18
-1471 1078 19
141 -1643 20
1660 964 21
951 1284 22
-971 400 23
-453 -620 24
853 1064 25
-1722 611 26
1336 -986 27
704 -1242 28
-1759 -250 29
-704 -52 30
-1783 -672 31
271 -1807 32
-95 1759 33
1113 1107 34
217 1652 35
-824 -263 36
-1912 -470 37
1683 -214 38
1078 861 39
-679 1716 40
239 348 41
1104 -1268 42
1499 436 43
-1093 1495 44
863 -1194 45
1366 -699 46
-323 1312 47
445 -1691 48
584 604 49
661 868 50
36 617 51
95 1781 52
1663 -1006 53
-664 -704 54
1363 1174 55
434 -1270 56
-88 77 57
1032 -461 58
1005 -290 59
-132 -866 60
-1224 88 61
26 95 62
-43 -153 63
-792 1129 64
-868 1224 65
1373 -248 66
-236 -1881 67
1808 -646 68
-1564 1183 69
-87 -498 70
524 16 71
-1862 404 72
1315 -119 73
-773 928 74
61 1838 75
-539 65 76
1499 1086 77
-711 245 78
1666 784 79
124 1673 80
-1063 -1395 81
1036 -723 82
-117 -713 83
363 1154 84
452 -711 85
1457 -297 86
307 1064 87
-934 612 88
-1839 -181 89
1147 -616 90
1452 -1277 91
1618 -577 92
1482 -61 93
-211 886 94
847 172 95
1249 -690 96
1400 116 97
-384 1454 98
-2 1567 99
