-1575 -1169 0
-1147 1525 1
840 78 2
139 -622 3
829 1598 4
188 -1032 5
-262 -1499 6
26 -1889 7
-1505 -515 8
1796 -495 9
-1322 1421 10
-293 -427 11
-1415 112 12
1538 845 13
545 930 14
-1127 -657 15
-1595 863 16
248 -34 17
-109 184 18
-306 404 19
1419 -266 20
1253 18 21
-1537 436 22
484 -575 23
-1390 -1218 24
955 -577 25
-805 1798 26
1605 -1099 27
1158 802 28
-958 -1429 29
-534 1006 30
-4 1225 31
673 -1610 32
900 -625 33
803 1623 34
1377 406 35
-987 -113 36
-1406 947 37
214 1231 38
973 -1322 39
-361 1320 40
134 -1022 41
151 -1241 42
-885 -643 43
578 -1190 44
-1038 883 45
-1139 330 46
-526 432 47
-413 -1210 48
914 1381 49
-380 373 50
-138 -427 51
1371 171 52
1156 -850 53
-1009 1270 54
1268 646 55
1899 568 56
34 -690 57
144 -1223 58
-1939 -252 59
-774 -1007 60
1157 -970 61
-915 418 62
1635 -1151 63
202 498 64
-17 -371 65
661 1466 66
-636 -259 67
971 -1621 68
559 -644 69
1133 543 70
-16 -562 71
836 -915 72
595 -1248 73
6 1033 74
1872 -499 75
1169 -226 76
-1830 -549 77
932 1664 78
1919 372 79
1244 810 80
-837 -648 81
451 577 82
-759 -203 83
379 -781 84
16 443 85
1232 1152 86
-902 505 87
-147 256 88
-633 503 89
204 107 90
-1633 -64 91
304 602 92
1025 -547 93
-1120 836 94
777 -430 95
225 -1254 96
530 479 97
1541 161 98
739 -1277 99
