-284 -1928 0
1202 -978 1
-406 411 2
-1092 1073 3
-182 285 4
1042 596 5
426 -1061 6
-1846 207 7
-44 390 8
1471 571 9
-725 -894 10
-1090 -343 11
1713 744 12
952 1071 13
182 168 14
-1684 958 15
1208 174 16
-136 -1226 17
-1693 117 18
722 -448 19
1074 1142 20
-77 -426 21
1474 443 22
234 -378 23
-801 -225 24
1058 -309 25
-82 -613 26
1471 1110 27
1228 1085 28
1483 522 29
1338 619 30
-1163 761 31
-688 -37 32
-772 -260 33
-1208 -613 34
1042 157 35
-688 1617 36
1100 -435 37
1962 362 38
-1532 -999 39
-666 -429 40
-1144 -204 41
276 -1368 42
-1269 539 43
-292 258 44
-41 -616 45
191 -1755 46
-633 -1158 47
1196 130 48
1277 1464 49
-666 457 50
1054 1410 51
-1653 310 52
1314 -200 53
-81 1342 54
-2 541 55
-1276 299 56
-945 171 57
-415 1786 58
739 -244 59
-364 -339 60
-891 1132 61
-359 -374 62
-590 1243 63
914 594 64
1831 352 65
-1432 1029 66
-989 506 67
-702 1054 68
283 -410 69
-73 1201 70
957 -63 71
-573 -351 72
-1266 -693 73
613 -1297 74
-27 -1154 75
1205 -312 76
524 -512 77
-1192 503 78
-718 -859 79
-404 -1119 80
426 -1831 81
-1033 883 82
1185 714 83
-1347 340 84
276 1944 85
-1757 446 86
-866 -1276 87
1321 -258 88
766 -467 89
448 -398 90
1478 -1249 91
-621 -379 92
-365 -975 93
-1574 -370 94
1454 -1014 95
711 1392 96
551 622 97
1077 523 98
-872 476 99
