-2391 -2731 0
-1176 -1478 1
2260 4154 2
-3114 2076 3
-2371 -1708 4
-1153 -3336 5
-1798 -3275 6
555 739 7
-3584 -348 8
3200 1941 9
948 4259 10
1068 2520 11
-2664 40 12
405 -357 13
-610 3275 14
2434 2632 15
1707 -2076 16
-913 -1713 17
1065 -1456 18
4411 1987 19
52 -1179 20
-1800 4575 21
-1189 1897 22
-936 -4840 23
1288 -1970 24
2073 174 25
-48 4287 26
-3007 2822 27
-3086 -2415 28
3497 -767 29
4269 -580 30
-3104 1543 31
-2282 4267 32
-2604 762 33
-523 2376 34
1101 3644 35
4539 -1279 36
3615 -117 37
1506 3200 38
4285 -1122 39
-2807 3567 40
-451 -4190 41
2583 1835 42
1805 373 43
-2040 -2854 44
2640 -1998 45
-987 -4455 46
-4880 -423 47
3168 -41 48
-2272 645 49
836 -2256 50
-1971 -3548 51
914 -128 52
-232 4779 53
-625 425 54
-2332 -2573 55
-2490 -3586 56
1725 3297 57
169 1437 58
-884 -290 59
3573 -555 60
1593 -983 61
2344 -1817 62
-4405 384 63
-3688 3153 64
1577 2711 65
-3013 986 66
-487 442 67
1719 -4439 68
-981 -1221 69
1402 -51 70
1341 2626 71
3784 1287 72
1040 -4453 73
-297 -1177 74
-1211 313 75
675 -4591 76
-2138 2978 77
-3158 -2258 78
-1660 -2939 79
-358 4685 80
-1867 1567 81
-2999 3835 82
-1583 1177 83
-165 843 84
-2318 -4158 85
-1187 -3975 86
-2821 1926 87
691 -3984 88
1181 -2954 89
2074 3244 90
3548 -1161 91
-1359 4452 92
-1679 -2767 93
-4288 -423 94
-3599 1659 95
1216 -427 96
4258 1942 97
3658 -2748 98
-4409 -1623 99
