110 937 0
459 438 1
-423 1228 2
843 991 3
-1511 119 4
1537 127 5
1390 -882 6
406 1053 7
1466 -1331 8
-1250 789 9
-1137 -1400 10
-1666 -652 11
-344 -998 12
931 177 13
1492 262 14
1830 -350 15
-1549 1119 16
-68 -1333 17
309 -1101 18
994 83 19
35 190 20
-447 -1133 21
678 423 22
-1611 61 23
-435 -1856 24
910 -173 25
-313 174 26
233 -945 27
-714 -1746 28
1266 1165 29
969 798 30
129 -607 31
1423 -203 32
-1176 -402 33
-765 -562 34
600 -1683 35
-161 546 36
300 866 37
-1664 -283 38
1029 -297 39
-1016 201 40
851 -670 41
-684 -1777 42
-1433 -96 43
1318 -1490 44
-737 -1622 45
224 1502 46
274 -177 47
817 1105 48
-62 -659 49
-662 964 50
356 1481 51
506 1530 52
1866 289 53
442 471 54
-1578 -928 55
913 -52 56
736 -1564 57
533 1754 58
1006 1386 59
-442 -944 60
1329 1157 61
811 -1094 62
1292 1028 63
-613 -324 64
1765 742 65
1349 387 66
1346 -846 67
-1215 -1001 68
788 -1439 69
-551 -1170 70
-526 128 71
320 -762 72
-646 106 73
-1136 905 74
845 -433 75
1669 -583 76
1070 499 77
-84 -636 78
-601 1866 79
474 1495 80
1413 869 81
594 1264 82
-155 274 83
232 204 84
-660 -618 85
-1043 410 86
-1175 331 87
767 -434 88
-601 -743 89
-123 -1194 90
-124 -1351 91
-184 1392 92
904 1528 93
1209 14 94
-87 460 95
-189 1932 96
-450 1485 97
-1415 806 98
-674 361 99
-857 1170 100
668 729 101
-77 -425 102
1552 533 103
497 -1528 104
-499 777 105
-1370 1069 106
741 1423 107
-708 725 108
-596 249 109
38 282 110
-1712 -540 111
176 1938 112
1285 564 113
-903 1027 114
-1633 343 115
-311 -1814 116
503 -1805 117
1145 1158 118
-301 1002 119
-1654 -770 120
1203 1502 121
997 -1479 122
-241 1930 123
719 171 124
919 1229 125
874 1071 126
-1851 633 127
380 1503 128
620 1577 129
129 1194 130
1943 0 131
-1711 84 132
-1221 -1271 133
809 -1329 134
223 -453 135
-992 1511 136
-760 1849 137
-207 -1284 138
-1628 436 139
1529 -651 140
226 1635 141
322 -422 142
-1550 781 143
-1012 -853 144
-896 872 145
739 546 146
181 1159 147
-242 -301 148
259 -1777 149
-1837 234 150
-702 -1669 151
-1333 -11 152
-1014 -231 153
1495 -1178 154
-295 -1551 155
1246 1426 156
1907 -334 157
1255 1468 158
-849 1316 159
-689 1343 160
966 730 161
-1378 345 162
-935 117 163
703 1194 164
854 1474 165
-345 -206 166
-172 1147 167
97 -125 168
1295 1201 169
-1197 -1193 170
1799 -17 171
526 -87 172
1589 34 173
260 -1979 174
-1509 -326 175
-1170 1483 176
-143 -933 177
-913 -1223 178
-1676 -600 179
-881 -1732 180
597 795 181
-1045 652 182
703 -417 183
-246 -827 184
1097 -794 185
1869 115 186
-119 -607 187
1003 1250 188
-217 1288 189
-1101 -198 190
-790 -497 191
675 -1718 192
87 -1855 193
680 -1871 194
1173 488 195
-824 405 196
345 1545 197
-216 463 198
-962 1488 199
