832 -1475 0
1129 -461 1
1389 -621 2
144 952 3
1707 58 4
-1683 -255 5
1180 -454 6
760 690 7
-463 1336 8
-1149 -1078 9
-570 797 10
-714 -1577 11
-158 49 12
503 515 13
305 1071 14
1480 805 15
1392 476 16
1725 704 17
-946 -431 18
-46 590 19
-440 1921 20
-13 80 21
-1178 -1268 22
356 -963 23
661 373 24
699 -223 25
528 -1805 26
-816 499 27
-462 -1162 28
782 -637 29
313 1397 30
1495 728 31
-831 1460 32
177 1396 33
1352 626 34
-1170 -430 35
809 -1349 36
1300 1424 37
-103 582 38
680 13 39
182 1571 40
812 892 41
863 403 42
-1032 -918 43
250 -463 44
280 855 45
-976 1718 46
-369 -461 47
1090 257 48
-729 -1327 49
1383 971 50
-784 -1663 51
1103 -440 52
312 -1961 53
321 -1855 54
-77 1428 55
-417 1427 56
-185 -1105 57
-1373 1159 58
271 -752 59
-1202 -598 60
819 -582 61
610 315 62
-1967 -320 63
514 1393 64
-349 -424 65
61 1229 66
344 1934 67
694 -1754 68
366 -1884 69
929 348 70
845 756 71
-1050 493 72
1347 -298 73
-1115 1390 74
706 -302 75
-765 -1328 76
-1707 54 77
-661 -1030 78
435 625 79
1705 714 80
-1454 188 81
558 -1677 82
-7 47 83
557 -1085 84
1431 1262 85
-710 449 86
-230 1377 87
763 1153 88
1077 1396 89
-166 1954 90
1606 -385 91
-1774 -216 92
840 1208 93
-647 -1320 94
1588 351 95
844 -823 96
405 -1293 97
1638 -62 98
323 -223 99
-845 -1389 100
887 -1673 101
-487 -1572 102
-1075 384 103
-1173 440 104
518 -747 105
-820 306 106
1658 -1081 107
934 -897 108
-78 1537 109
1431 680 110
-724 37 111
-265 -426 112
-50 906 113
1409 -1307 114
-710 -180 115
790 -1322 116
-1434 -410 117
-107 942 118
-1265 194 119
976 322 120
-148 1632 121
-1363 -180 122
229 -452 123
-1037 -1252 124
1687 784 125
1124 1336 126
-1540 947 127
1663 -1098 128
-1224 1258 129
-1073 -1179 130
-1852 550 131
418 -1893 132
229 1778 133
-1334 2 134
-1727 -959 135
855 -249 136
-212 -487 137
-872 559 138
427 -230 139
1370 1336 140
1172 63 141
-509 1020 142
1945 -45 143
-1023 -1117 144
331 853 145
-868 -1801 146
419 282 147
-109 -1263 148
624 -1643 149
1023 -552 150
-153 172 151
-1495 -82 152
441 1877 153
498 -1054 154
-122 1646 155
-1655 701 156
629 -1574 157
644 1244 158
-1052 138 159
1007 -1183 160
-176 690 161
383 -1222 162
764 -1364 163
82 -1979 164
-722 905 165
-68 1299 166
-396 511 167
-318 100 168
-870 1724 169
1205 -51 170
-1276 1277 171
-451 -1575 172
-1471 823 173
-713 -930 174
681 -752 175
-814 -813 176
231 -562 177
60 1426 178
-1040 714 179
623 1709 180
-1862 -348 181
-691 -648 182
-317 1271 183
-1405 -1118 184
1875 168 185
1843 775 186
1989 184 187
457 -1261 188
1608 -1143 189
-1388 -613 190
-850 1438 191
-1214 908 192
-76 1383 193
-647 347 194
1888 266 195
-1161 -1026 196
-230 65 197
649 589 198
749 -408 199
