334 377 0
802 -1337 1
-724 -198 2
-15 1554 3
-357 -1600 4
1201 -1387 5
241 -380 6
666 1743 7
-575 877 8
-1278 -1251 9
1125 1355 10
-478 -728 11
-395 1434 12
-608 1281 13
1163 -1079 14
-57 -1450 15
-1648 143 16
1161 508 17
-378 1783 18
-1518 -103 19
-556 -600 20
1001 -992 21
-143 -613 22
-1322 302 23
1648 -886 24
933 1062 25
-82 1742 26
-767 -1431 27
1323 1409 28
-823 -1765 29
1224 780 30
882 -933 31
1555 270 32
1154 637 33
-308 654 34
-569 420 35
-931 593 36
740 471 37
-1382 -979 38
214 -332 39
-119 1580 40
-845 -414 41
-570 1331 42
219 -821 43
1076 1184 44
1253 -1197 45
-612 -810 46
-454 1504 47
-189 -549 48
-1201 -299 49
-43 -1192 50
4 698 51
271 1497 52
-1675 -921 53
-525 -202 54
739 1109 55
1929 -14 56
-234 987 57
-240 874 58
-201 1642 59
-761 -1131 60
-240 -1276 61
1072 -988 62
663 -1009 63
1555 779 64
-682 459 65
-390 -25 66
-856 -1748 67
-1110 -437 68
-114 37 69
43 1440 70
633 833 71
-73 161 72
679 -1570 73
818 -1391 74
-839 -995 75
1789 -417 76
509 -305 77
960 -1298 78
-1215 1557 79
-756 239 80
-495 31 81
644 1852 82
-1405 -360 83
831 1249 84
-1009 424 85
-349 880 86
311 -1455 87
187 -1345 88
-389 1037 89
-125 -1702 90
-252 944 91
567 236 92
-930 550 93
56 -414 94
-1688 -643 95
-367 1509 96
-15 286 97
-347 924 98
529 662 99
