-1138 -269 0
1873 -76 1
-967 -295 2
-202 -120 3
-287 -1710 4
1107 537 5
1928 343 6
1506 -47 7
-451 1935 8
-320 1941 9
-1550 806 10
291 -1893 11
-1432 506 12
1100 -970 13
10 1683 14
441 445 15
-601 -636 16
-1020 -174 17
-36 -1697 18
-1322 1070 19
-816 965 20
-1436 -882 21
-761 1707 22
-391 1813 23
147 -623 24
415 1664 25
-175 -1450 26
-1092 -405 27
498 1003 28
-80 -192 29
-587 -1188 30
-1276 332 31
312 1567 32
105 1451 33
208 -917 34
-709 1638 35
-1467 -71 36
-954 65 37
1183 893 38
1258 499 39
1466 661 40
-1325 -807 41
-1505 -1206 42
404 1593 43
1353 -1104 44
365 -1002 45
-136 -579 46
-1443 1354 47
965 1533 48
-1195 1302 49
108 -339 50
1165 1043 51
-1417 739 52
869 1705 53
929 527 54
-1655 -298 55
-1383 -849 56
1062 564 57
970 914 58
-1133 -266 59
989 157 60
-766 257 61
457 471 62
-1942 -230 63
374 -1737 64
-339 182 65
-1054 -23 66
-670 1365 67
-484 1257 68
1162 1177 69
-441 -1720 70
-34 1098 71
-97 -131 72
1721 350 73
855 631 74
499 -701 75
-740 -308 76
1288 1364 77
1668 -1067 78
971 -617 79
1503 453 80
792 47 81
248 -854 82
-298 939 83
66 -1520 84
1735 -948 85
-1617 -1157 86
1456 776 87
-680 1350 88
1013 754 89
-954 668 90
-971 -695 91
-1475 -879 92
1085 -389 93
-1314 -180 94
-246 465 95
363 -1454 96
-1080 976 97
-1206 -419 98
-1830 616 99
