922 149 0
127 1406 1
-1892 222 2
-1593 -1131 3
-613 -853 4
-1330 971 5
-17 -1809 6
495 1574 7
-256 -1785 8
466 -965 9
239 942 10
367 -1581 11
560 -1021 12
1600 -888 13
655 -441 14
-1471 89 15
932 640 16
-311 871 17
992 -800 18
938 -576 19
341 -213 20
438 1414 21
-1101 1125 22
-570 1409 23
-171 336 24
257 -121 25
45 1056 26
-172 -37 27
-805 675 28
1450 1269 29
-1531 -1220 30
-134 1607 31
755 -1531 32
-181 -329 33
-269 1894 34
-1015 -1251 35
149 -36 36
-343 964 37
444 1891 38
-924 1738 39
-1524 -596 40
-768 782 41
-1592 859 42
-1597 177 43
-1897 -582 44
-1608 104 45
1783 522 46
-1021 -699 47
1117 -498 48
-825 475 49
166 -1739 50
1844 -162 51
-1751 -255 52
1742 936 53
1696 197 54
-232 -357 55
864 -1087 56
-1417 1222 57
1040 -783 58
1347 583 59
1852 -344 60
363 -648 61
-562 1265 62
298 155 63
410 1407 64
888 502 65
-1448 1217 66
-964 1678 67
1197 402 68
1746 625 69
357 516 70
1106 159 71
-113 -1450 72
-764 -1363 73
857 1579 74
-882 749 75
1296 952 76
1581 163 77
-1337 1487 78
1377 1236 79
552 -1123 80
-540 1481 81
-1561 -1247 82
-947 -1084 83
-1855 -661 84
347 638 85
1168 -462 86
-954 -1491 87
381 -105 88
1509 893 89
-791 162 90
-1626 -927 91
1514 110 92
-627 -1092 93
-978 54 94
-1432 158 95
1799 494 96
727 650 97
252 -812 98
150 268 99
