-155 979 0
-326 -676 1
-204 -658 2
953 -83 3
-944 417 4
-1557 88 5
-621 -1713 6
-857 -980 7
204 -1407 8
166 1499 9
1068 -1476 10
1429 573 11
-534 1702 12
1650 -954 13
-230 -1448 14
-243 543 15
1849 612 16
405 1625 17
128 1143 18
-903 -1773 19
1128 -1599 20
1066 751 21
-1805 221 22
1715 991 23
-1000 948 24
-469 92 25
-825 -495 26
-1260 725 27
685 1365 28
-1610 -452 29
289 -1384 30
1184 -848 31
-1505 80 32
-1234 1352 33
158 -884 34
159 1730 35
179 -1866 36
-1225 -762 37
564 -1488 38
681 1148 39
26 334 40
-287 690 41
1639 -683 42
1608 -355 43
309 1725 44
-1356 -546 45
-1789 595 46
1586 -715 47
-335 1754 48
-508 -396 49
97 1686 50
-732 15 51
-1002 -982 52
1805 -490 53
-659 401 54
-631 -278 55
-1013 842 56
1087 -634 57
-1217 112 58
-1132 -1085 59
489 -458 60
164 1922 61
1514 778 62
-766 -1116 63
78 -96 64
-489 -935 65
-479 1747 66
1777 -690 67
-680 -1677 68
-309 759 69
509 -1692 70
-1016 -1265 71
-1207 -1160 72
1296 292 73
588 -1323 74
870 896 75
1037 179 76
270 1540 77
-601 523 78
-376 -1690 79
616 -450 80
863 622 81
83 -1847 82
-773 -311 83
-661 1193 84
1131 1071 85
-1308 -1357 86
-1108 416 87
432 37 88
-378 -146 89
1601 -733 90
1554 -96 91
919 -369 92
605 443 93
510 1838 94
-768 1744 95
-1187 -1123 96
347 -931 97
144 809 98
-68 -1460 99
-247 390 100
850 990 101
1750 795 102
-123 -48 103
1905 341 104
-174 1250 105
-1536 452 106
-1094 -414 107
-318 1524 108
45 1629 109
543 -553 110
-1088 37 111
-538 1392 112
1509 -601 113
1305 -1484 114
-759 656 115
307 1023 116
-1513 -1106 117
-132 -994 118
-295 -992 119
-52 922 120
1355 -231 121
-857 -909 122
-336 147 123
133 91 124
1154 392 125
-561 -1682 126
1075 1221 127
-347 -1476 128
-421 -717 129
19 -233 130
-636 -1540 131
299 1720 132
-256 177 133
356 1353 134
-370 -74 135
-696 915 136
267 -1139 137
-1145 -1243 138
1479 -808 139
-7 -1392 140
1189 122 141
-1502 153 142
-459 994 143
-1096 -1204 144
548 895 145
887 680 146
682 436 147
721 -204 148
374 331 149
778 943 150
470 836 151
-322 1001 152
-936 1094 153
922 -193 154
282 -1016 155
-972 -810 156
-599 933 157
374 772 158
-820 885 159
-1982 -144 160
1366 -141 161
1724 -774 162
87 -624 163
1756 -227 164
785 907 165
-43 -709 166
901 258 167
113 1854 168
103 -1167 169
-671 1749 170
1371 -1124 171
-463 -66 172
1288 896 173
-803 -1399 174
22 1146 175
1092 -1189 176
421 238 177
1785 767 178
937 723 179
-158 924 180
-146 435 181
379 -176 182
1587 232 183
-1626 1087 184
-222 -802 185
1663 -994 186
-308 -1582 187
1023 -1387 188
476 119 189
-1546 -477 190
238 1326 191
445 -500 192
1664 779 193
330 1440 194
144 -988 195
-383 1593 196
123 1980 197
1211 -29 198
-1601 418 199
