874 -738 0
-657 1684 1
-253 951 2
565 1802 3
-1665 617 4
334 1617 5
354 -572 6
-1877 -350 7
1024 943 8
-400 1629 9
1119 1404 10
-1294 -254 11
-1965 53 12
-908 128 13
937 1472 14
-1488 1005 15
-980 581 16
200 542 17
-143 -395 18
-91 1049 19
223 -1294 20
-523 -520 21
-1064 -1582 22
-705 -308 23
564 1839 24
-804 237 25
-991 893 26
-134 780 27
1030 -633 28
668 1487 29
390 -1339 30
-302 1324 31
-1229 492 32
-656 1643 33
-286 390 34
613 1613 35
325 -1485 36
127 -193 37
201 1511 38
1038 1041 39
-107 -241 40
797 1106 41
-1117 -1226 42
-191 869 43
1304 396 44
699 -440 45
1475 290 46
-1482 -1120 47
-1701 -201 48
-357 1870 49
369 1120 50
-1068 423 51
29 1328 52
497 -291 53
-713 1443 54
-1472 122 55
-563 1145 56
-37 1188 57
512 -740 58
-890 -376 59
-165 1381 60
-784 -1060 61
-719 -83 62
600 -575 63
335 1847 64
78 474 65
-506 316 66
946 -44 67
-525 765 68
-199 -1966 69
467 1185 70
619 -1577 71
-1230 -142 72
-1503 -379 73
-1412 793 74
-1626 1025 75
1609 623 76
829 -292 77
207 -1467 78
299 1214 79
577 463 80
-527 68 81
790 -718 82
-726 277 83
570 -1648 84
575 1871 85
903 615 86
710 -1380 87
-1459 -781 88
952 1638 89
-1582 -471 90
-1797 508 91
-239 -510 92
-1574 301 93
-474 -1286 94
-665 195 95
1010 1529 96
-841 -1782 97
1380 -1210 98
-618 -133 99
