-153 653 0
310 -1252 1
241 1413 2
1190 -166 3
-1696 443 4
602 -1492 5
-719 344 6
-915 1181 7
1052 -453 8
-113 -1322 9
955 -1441 10
904 -902 11
-1145 -399 12
1225 953 13
1732 -876 14
960 -314 15
281 -376 16
-1586 -597 17
-113 -120 18
1034 -922 19
149 -1778 20
1028 66 21
235 1717 22
460 -92 23
797 1522 24
1933 -271 25
-804 1462 26
1638 648 27
1367 1113 28
-1143 414 29
-1480 484 30
-1104 -467 31
-1174 -778 32
253 -1242 33
111 1198 34
1564 908 35
-502 -252 36
-732 887 37
1422 -1095 38
180 -1761 39
341 -970 40
629 1278 41
-1607 -1180 42
86 89 43
-1238 -871 44
-1590 501 45
983 -1660 46
1258 756 47
276 -574 48
-495 434 49
-599 1536 50
1266 -1515 51
1890 -276 52
34 593 53
-491 -1235 54
-252 -795 55
419 1420 56
-497 930 57
-854 1362 58
1170 287 59
192 -1690 60
281 -1009 61
1961 240 62
1101 -1101 63
-255 1745 64
-28 -776 65
350 -717 66
509 -1009 67
-977 217 68
172 -1253 69
476 1613 70
74 -880 71
-995 -468 72
1818 65 73
385 1302 74
736 1697 75
-128 1517 76
1664 -255 77
321 406 78
683 -1619 79
-74 -1052 80
-393 -1582 81
-809 1425 82
377 1880 83
-448 942 84
1599 359 85
532 -1360 86
1638 -376 87
-1021 1695 88
-107 1033 89
1809 -220 90
-735 -1239 91
-747 -638 92
806 1517 93
362 -1513 94
-1795 749 95
1472 1320 96
-1053 305 97
-133 -1909 98
-1591 -200 99
1458 -300 100
825 937 101
927 -1090 102
-1048 1559 103
-338 -1205 104
1294 -377 105
1095 -1323 106
1632 80 107
929 804 108
1284 -1038 109
-355 -486 110
1137 800 111
744 1774 112
-1163 1341 113
350 1043 114
1332 -763 115
1025 99 116
1648 275 117
384 -332 118
-1426 -109 119
1428 -499 120
260 -1128 121
-1357 716 122
1074 112 123
1078 251 124
1272 -738 125
1537 -359 126
-927 -1081 127
99 1991 128
422 1644 129
695 -1175 130
1377 -652 131
990 1301 132
255 -1805 133
1183 -1125 134
796 631 135
-1209 749 136
-520 -1156 137
1819 256 138
560 -410 139
358 800 140
637 1123 141
1085 -1602 142
-839 -521 143
-1173 169 144
-245 1359 145
-793 -1124 146
-823 562 147
-342 -79 148
-802 372 149
973 -825 150
-1079 -529 151
-481 1313 152
229 -1822 153
870 -1551 154
1874 506 155
-752 -1328 156
195 1356 157
-795 -585 158
-45 -710 159
1068 502 160
-84 1372 161
793 -564 162
-540 522 163
-696 -132 164
735 584 165
669 -537 166
-1081 -438 167
305 -516 168
-282 1075 169
-559 1630 170
-1687 -290 171
-1211 -948 172
-991 379 173
553 1660 174
-1106 -1484 175
1118 -970 176
312 1874 177
936 -381 178
-170 996 179
-272 -556 180
-795 1825 181
-1873 417 182
1467 -1356 183
1443 200 184
666 -80 185
812 -24 186
322 983 187
846 1580 188
-52 -955 189
92 -1387 190
583 -842 191
210 836 192
-725 -1422 193
-498 773 194
1613 124 195
-132 851 196
-1135 -948 197
-1203 -1574 198
544 801 199
