346 -1847 0
635 -422 1
-427 550 2
-865 -282 3
844 -1076 4
-1847 680 5
1357 838 6
-236 383 7
298 -1787 8
-1249 -1167 9
-211 -15 10
598 -806 11
1976 50 12
-756 -155 13
924 1234 14
1264 -489 15
1394 381 16
-205 1886 17
86 1346 18
-1747 -192 19
1572 1116 20
1151 727 21
-329 587 22
-177 854 23
-1056 215 24
461 512 25
368 878 26
1181 1227 27
137 -1861 28
1984 176 29
-1622 -806 30
-76 -1201 31
1140 -132 32
844 -640 33
164 1835 34
1192 -1455 35
1500 1237 36
1078 1378 37
746 -1785 38
-1762 -230 39
-1060 -321 40
1434 428 41
277 795 42
561 -1735 43
-171 -1873 44
-1062 -713 45
579 -1625 46
451 1617 47
1434 -1361 48
525 -1480 49
68 -12 50
-250 -541 51
-709 -852 52
-114 -1461 53
-814 -1241 54
-1269 -1130 55
1418 -716 56
666 1579 57
-1122 -246 58
1120 153 59
-1288 1115 60
1804 372 61
1823 735 62
1697 282 63
40 1250 64
784 310 65
1211 -1383 66
1063 836 67
1057 -826 68
-1941 288 69
762 -1653 70
82 -407 71
-1578 473 72
216 1118 73
-1660 110 74
931 -518 75
1858 117 76
473 -602 77
-1815 362 78
-1038 1022 79
-368 1924 80
-1818 -576 81
-1521 137 82
-857 1750 83
1183 579 84
-328 -1676 85
-51 1157 86
-1529 -84 87
-611 1671 88
-61 1176 89
-1400 -1278 90
-574 -1637 91
-699 259 92
995 -1640 93
1585 -745 94
790 -1121 95
1082 1028 96
-1890 -17 97
-859 620 98
397 -737 99
233 1325 100
-904 -1694 101
-355 525 102
564 -373 103
-637 1169 104
-913 23 105
1707 671 106
-1209 549 107
-938 1416 108
-308 744 109
928 1264 110
1943 -2 111
-535 -527 112
-45 -924 113
1195 639 114
841 -1145 115
50 -464 116
1502 -1095 117
-839 -1338 118
-409 1380 119
12 -25 120
731 649 121
276 1138 122
1403 470 123
-175 215 124
-956 -103 125
1457 217 126
574 869 127
1845 113 128
366 -979 129
-834 1192 130
503 -1684 131
1134 -258 132
702 1138 133
919 1141 134
-648 1156 135
-1048 1367 136
-620 -671 137
528 1340 138
213 -1279 139
-1884 -562 140
527 1890 141
-909 119 142
-1548 645 143
-751 -1055 144
391 -885 145
-151 -624 146
264 1098 147
-1465 315 148
1023 -47 149
-434 531 150
1153 -874 151
271 -1829 152
146 1539 153
758 -598 154
93 -1133 155
367 1489 156
299 -1133 157
305 -1617 158
-482 -911 159
1343 -456 160
1017 1431 161
-1123 1094 162
1737 552 163
-635 1650 164
307 1789 165
1882 135 166
-361 -846 167
243 1238 168
44 636 169
20 -749 170
-236 563 171
-1854 -670 172
208 -1304 173
1396 -871 174
1758 476 175
-860 66 176
-178 1106 177
1478 962 178
269 -467 179
-1789 891 180
-676 552 181
615 -362 182
-1941 -130 183
-355 514 184
-261 1342 185
-397 -765 186
-1479 262 187
338 -73 188
1473 1091 189
-1509 287 190
-899 745 191
1544 -455 192
190 1990 193
-1060 943 194
73 1612 195
1430 -172 196
1827 509 197
338 -1568 198
-182 341 199
