-1386 1060 0
-309 1745 1
-429 -962 2
1454 1006 3
1283 -649 4
-655 -484 5
-1070 1485 6
-1227 874 7
1583 -339 8
-1784 183 9
1255 -1185 10
-1786 -568 11
-186 -1088 12
-911 1411 13
1204 499 14
222 -457 15
-282 -122 16
-1556 540 17
-1952 -268 18
721 806 19
-465 -735 20
-279 -1808 21
1469 949 22
1252 -637 23
1891 -13 24
1339 -1236 25
1139 -1047 26
935 1123 27
-102 -485 28
-370 658 29
-453 576 30
428 -1693 31
-1524 -1273 32
-553 -1161 33
-524 627 34
-429 1917 35
740 248 36
803 -37 37
-1234 -439 38
1959 253 39
-503 1107 40
1939 14 41
476 -831 42
278 992 43
250 450 44
469 1277 45
13 -1803 46
112 175 47
-529 -217 48
553 1342 49
785 -1765 50
-1357 1371 51
175 -463 52
1585 -623 53
-1083 -1666 54
329 1264 55
-536 1918 56
-223 1787 57
317 -1937 58
-765 -1209 59
320 836 60
949 1647 61
-20 -1052 62
1207 1069 63
-388 1961 64
-1763 888 65
1558 -1137 66
-617 723 67
-677 -1276 68
-1337 1486 69
999 -422 70
-1357 -1198 71
29 -560 72
1017 -13 73
-1121 1271 74
93 -526 75
-795 -190 76
-1225 -387 77
480 51 78
-961 -1344 79
170 -573 80
1310 569 81
-481 1645 82
-102 598 83
-1621 -27 84
-1321 339 85
597 645 86
1809 762 87
1345 -798 88
992 1419 89
383 -409 90
-473 891 91
-875 1422 92
-191 -200 93
-786 885 94
-1166 -583 95
-501 1800 96
-1394 617 97
-928 -642 98
420 -590 99
