-1805 295 0
421 -637 1
-833 1355 2
594 1499 3
1032 1077 4
181 -1988 5
-1088 -1055 6
1258 -254 7
1882 -445 8
1270 366 9
-1701 -180 10
37 305 11
-1148 472 12
-742 141 13
-508 97 14
815 -1072 15
-851 -79 16
-794 -1485 17
-801 -949 18
572 853 19
-102 -19 20
-134 -1254 21
497 1177 22
-1764 -367 23
-1423 1153 24
-1682 481 25
941 734 26
-901 122 27
-704 1035 28
912 615 29
-1148 -1024 30
888 -1055 31
-884 -1117 32
-450 -867 33
1375 1337 34
-973 417 35
648 560 36
512 -309 37
-1331 216 38
29 -1923 39
513 -926 40
899 81 41
-1 -557 42
-896 718 43
268 27 44
-328 -1509 45
-656 -468 46
-698 1060 47
-1081 1442 48
-22 53 49
1617 -344 50
-1023 781 51
1053 1283 52
1889 78 53
1451 1305 54
-200 1976 55
-466 370 56
334 -1196 57
1836 387 58
-272 744 59
-375 -725 60
1384 210 61
-1244 -207 62
603 1693 63
450 -841 64
-382 -754 65
186 -1831 66
545 -1196 67
682 -1100 68
-921 -340 69
568 157 70
730 1025 71
1471 199 72
-355 1522 73
303 -266 74
216 1363 75
-1706 718 76
-972 -1698 77
-118 1347 78
-1232 1356 79
-997 280 80
-113 724 81
-781 -1698 82
-1740 -5 83
704 -55 84
783 884 85
-701 1865 86
-673 735 87
-697 1398 88
100 1481 89
364 929 90
949 1563 91
642 -1519 92
39 -1186 93
-483 -145 94
839 609 95
-222 -326 96
921 -17 97
1764 646 98
-177 27 99
-1327 -1139 100
342 1922 101
-887 -363 102
-799 493 103
1595 -215 104
728 271 105
-1815 436 106
-1131 1004 107
822 59 108
1908 -152 109
1647 984 110
-426 -65 111
-677 1070 112
-363 -729 113
-275 1138 114
-497 -821 115
-78 -801 116
-730 827 117
1254 -1125 118
1739 179 119
-1226 -1008 120
-1762 937 121
-799 -183 122
-35 -718 123
445 183 124
-672 526 125
-1008 -1244 126
-1911 364 127
547 1812 128
334 -730 129
-136 -1891 130
1323 -231 131
-38 -886 132
1625 673 133
-684 -1514 134
1413 331 135
-303 -1300 136
704 -844 137
1164 -1009 138
22 -238 139
321 217 140
555 -1828 141
396 -1379 142
-915 1650 143
1677 137 144
346 199 145
1433 1286 146
-686 1469 147
883 -632 148
1081 -209 149
1370 -101 150
366 1464 151
394 671 152
-689 361 153
617 -811 154
533 1829 155
-295 924 156
-494 -178 157
1470 -562 158
1215 -1489 159
1151 -1375 160
467 1040 161
-1294 907 162
36 -1737 163
1037 -831 164
465 1136 165
-1349 770 166
219 494 167
-272 453 168
-247 35 169
-755 403 170
445 1639 171
988 -1410 172
605 -116 173
-1164 -269 174
508 101 175
1694 575 176
1267 -374 177
-1729 312 178
180 735 179
-1654 13 180
-1623 788 181
396 1227 182
-833 1493 183
1436 299 184
-274 -832 185
319 -818 186
249 -1717 187
-1237 858 188
-758 -293 189
879 1728 190
1179 -1051 191
-125 -1646 192
-1138 -325 193
-827 -1190 194
-158 1477 195
-1850 -746 196
1006 -576 197
1014 1647 198
-1977 3 199
