-1201 -1210 0
1643 -973 1
23 -433 2
487 -1221 3
-614 1152 4
772 -985 5
27 -1211 6
393 -1656 7
877 -839 8
-12 477 9
-271 -647 10
-503 261 11
893 -395 12
-1082 1426 13
-406 -1664 14
-404 1133 15
811 -680 16
-64 1402 17
-397 1521 18
878 1704 19
-725 -1589 20
447 -80 21
1508 272 22
719 -1508 23
-869 1268 24
795 1001 25
891 1162 26
1331 -1426 27
-554 -751 28
-673 -83 29
1554 -57 30
138 -76 31
688 1713 32
1349 -802 33
-522 780 34
868 555 35
-461 830 36
-678 -91 37
454 1262 38
-217 688 39
-81 1193 40
-187 75 41
-218 941 42
1152 568 43
184 -764 44
-1792 249 45
-610 793 46
194 1430 47
-1761 -226 48
1375 1278 49
-938 92 50
199 832 51
191 -1196 52
-141 -561 53
-1198 -608 54
-536 1506 55
1577 716 56
315 -1169 57
-1217 830 58
317 291 59
1803 -376 60
-1142 416 61
1014 -392 62
-1704 -423 63
760 -1794 64
588 -9 65
1498 -31 66
-205 1479 67
-1894 110 68
1039 -1378 69
-237 207 70
-166 -332 71
1391 1109 72
908 -165 73
471 848 74
675 -1222 75
892 487 76
4 1588 77
462 1219 78
-755 -1328 79
661 -605 80
1395 1301 81
-304 -152 82
80 -1844 83
694 1320 84
-983 565 85
1651 698 86
-975 342 87
1378 802 88
180 1283 89
1087 -259 90
515 1642 91
-507 126 92
755 -34 93
-694 -19 94
1003 -480 95
-1326 1281 96
-554 1814 97
708 1715 98
224 818 99
-750 1056 100
-1492 -693 101
-570 1012 102
122 -1769 103
1401 -59 104
1443 364 105
1395 -513 106
518 169 107
586 -412 108
21 696 109
-1710 -590 110
151 -1937 111
452 281 112
794 -720 113
154 673 114
1920 -137 115
227 235 116
-585 -212 117
-942 -986 118
-865 595 119
519 -1401 120
23 -840 121
-527 -520 122
-176 905 123
840 663 124
1983 -65 125
-767 -567 126
679 194 127
-1162 -1061 128
460 -1777 129
1814 -803 130
-1633 724 131
-688 707 132
-457 789 133
994 -1152 134
-769 833 135
122 1593 136
-312 -1211 137
-712 -1168 138
-786 1732 139
1098 -1589 140
866 381 141
1737 326 142
-658 1283 143
1103 -971 144
-901 923 145
-781 -1782 146
1596 169 147
149 194 148
-793 761 149
-1145 -1405 150
-410 -1011 151
-475 -391 152
243 -1652 153
1333 -876 154
-824 1336 155
1367 -253 156
-191 -483 157
-721 209 158
-539 -1237 159
-772 -150 160
-1672 -120 161
-517 1587 162
-1308 -1328 163
122 -1240 164
-1588 -459 165
-1607 -726 166
403 -1486 167
-1042 200 168
-375 640 169
-368 -73 170
748 -105 171
1697 -1048 172
108 1276 173
-856 514 174
371 -1838 175
54 -1054 176
-2 191 177
775 -367 178
-994 -218 179
-271 -1561 180
-1330 -279 181
341 -591 182
-746 340 183
-320 1743 184
1911 -156 185
-325 -1739 186
875 2 187
-479 -1382 188
-437 -1812 189
-235 548 190
-1808 484 191
881 -1489 192
-434 -391 193
1590 -1188 194
-797 -430 195
172 337 196
-449 -826 197
-1592 909 198
-1100 -183 199
182 703 200
-284 223 201
-451 -1507 202
71 1143 203
368 1495 204
627 -1426 205
-1809 820 206
376 109 207
1481 956 208
-454 1277 209
-840 -1451 210
1822 596 211
-63 -796 212
-1264 -613 213
1743 683 214
-277 839 215
1267 -60 216
1324 1279 217
848 1780 218
-1270 356 219
1382 614 220
374 -1120 221
148 -1279 222
-1465 -74 223
-1101 599 224
1211 -417 225
1224 1062 226
1565 -428 227
682 300 228
1299 -1463 229
-26 322 230
47 675 231
-1139 549 232
843 -543 233
-506 1157 234
-142 -1194 235
934 -1324 236
355 1347 237
-1552 238 238
541 1368 239
1562 -1168 240
-428 1707 241
363 212 242
-486 1655 243
1684 161 244
923 -71 245
-861 -535 246
711 -262 247
-240 1070 248
456 -1738 249
1458 -802 250
-813 -291 251
-499 1618 252
1538 -564 253
-583 1075 254
-1459 -485 255
-137 -173 256
-15 -1001 257
817 14 258
-211 703 259
1944 -397 260
-604 -1685 261
-979 772 262
1367 -117 263
-1170 1166 264
488 1797 265
969 -1055 266
843 -612 267
-1572 357 268
-1449 -1270 269
895 -1673 270
-893 897 271
-743 1208 272
65 -1927 273
326 -1070 274
1242 946 275
273 -1947 276
1439 848 277
1107 538 278
845 -1092 279
716 1163 280
-534 -628 281
1577 208 282
-187 1531 283
1094 1506 284
201 -346 285
785 -1691 286
981 742 287
-327 -1587 288
1946 33 289
-830 1358 290
-17 -162 291
-847 -281 292
197 -1677 293
939 144 294
115 714 295
-1537 -59 296
-1526 -586 297
-639 -123 298
-318 739 299
-1128 -584 300
-863 -1326 301
800 -1158 302
-997 -1192 303
864 -357 304
996 470 305
-1139 -825 306
803 544 307
-872 1277 308
1135 1539 309
-1010 921 310
-421 -110 311
-1546 -742 312
829 90 313
-1048 -404 314
3 -369 315
-52 1649 316
516 1385 317
431 226 318
-963 156 319
1356 41 320
-1208 -149 321
1243 -1059 322
-1159 -332 323
-372 -297 324
390 -1710 325
1549 -973 326
-1632 1037 327
516 -396 328
-1763 582 329
-597 -1147 330
-1287 532 331
698 420 332
25 258 333
-519 1148 334
346 -1411 335
1765 353 336
-1209 1355 337
-1244 902 338
391 -1653 339
-1252 217 340
1582 -675 341
-1170 -444 342
-553 -1596 343
-1010 -915 344
999 1407 345
-1337 -240 346
-1220 1292 347
-1219 -1531 348
-736 -983 349
-1859 -330 350
1037 -701 351
-30 -394 352
-1630 263 353
-30 1983 354
322 59 355
1499 633 356
-1149 170 357
1058 1235 358
1898 250 359
1086 -1063 360
1665 440 361
-647 -1467 362
890 -1051 363
250 -1028 364
-701 -298 365
1529 807 366
-998 -1219 367
0 659 368
-1046 1519 369
771 1798 370
1435 -820 371
-1310 -978 372
738 -270 373
-1629 -958 374
-243 -838 375
1228 559 376
95 349 377
1421 -1082 378
1914 251 379
-1005 -1367 380
404 -416 381
-1376 744 382
320 -158 383
319 -289 384
605 583 385
-846 -957 386
-129 1223 387
-1807 187 388
605 509 389
-578 -1118 390
-1001 1152 391
-672 1181 392
-1394 1189 393
973 -802 394
1548 -1241 395
-126 -1739 396
1754 -369 397
654 -517 398
286 -1702 399
531 743 400
124 1623 401
194 -1700 402
264 1457 403
1287 -907 404
-343 1323 405
-1057 1092 406
331 1247 407
-1440 669 408
-395 -1419 409
-18 -799 410
-1340 -955 411
-433 -1546 412
-397 -874 413
-1582 -190 414
-756 -990 415
187 -1776 416
1174 1145 417
-316 1373 418
1658 481 419
144 332 420
-941 -727 421
644 701 422
-370 1020 423
-1225 1522 424
630 -1200 425
719 197 426
849 -683 427
100 1694 428
214 496 429
-1531 266 430
786 -181 431
953 722 432
687 1225 433
-916 1341 434
-1091 98 435
1217 126 436
-37 946 437
-1210 1456 438
-1730 -837 439
1197 1099 440
-676 -308 441
-1657 -995 442
1244 -386 443
-322 -430 444
-1038 647 445
929 -1309 446
1497 -1026 447
800 -90 448
-95 -1280 449
-1760 -145 450
-176 -1060 451
-51 -726 452
-188 -1735 453
-1471 1274 454
852 -626 455
544 794 456
-935 -584 457
924 -1548 458
-592 -447 459
-185 1903 460
-917 408 461
1129 676 462
753 -1316 463
-1835 -490 464
452 1608 465
1771 378 466
67 299 467
-607 -1598 468
-591 -1518 469
-580 -1909 470
-80 -27 471
-1831 -656 472
1268 957 473
-29 865 474
24 -549 475
1115 -359 476
-1133 -660 477
-865 -1620 478
129 179 479
-1875 -434 480
-772 348 481
793 -746 482
1036 448 483
-1277 1271 484
160 423 485
-740 890 486
-383 1237 487
-1155 1156 488
1292 -1143 489
-92 -650 490
-285 -392 491
-49 -1842 492
268 -515 493
-1663 354 494
-1285 -1221 495
-1258 -620 496
383 -673 497
1513 -1023 498
1266 1298 499
1293 81 500
-1622 468 501
-1455 -416 502
-938 1426 503
497 955 504
433 1861 505
-1696 914 506
-1093 -742 507
-568 1904 508
-94 1681 509
-644 -1312 510
1244 1190 511
140 1666 512
-1314 1018 513
1684 377 514
-271 676 515
233 -1303 516
148 -1376 517
700 -487 518
1990 -184 519
-1129 -1091 520
383 508 521
151 694 522
-61 -1678 523
1452 660 524
512 -54 525
-71 -369 526
113 -1619 527
-756 1656 528
-906 1011 529
-1055 104 530
1849 680 531
-406 72 532
-1237 -47 533
-751 -1281 534
-426 -1949 535
291 -1406 536
-566 621 537
1201 832 538
1582 -1071 539
-533 276 540
-1061 999 541
-974 -1111 542
933 -180 543
-65 -1414 544
-1644 -295 545
-655 228 546
315 1887 547
-1984 95 548
1150 637 549
1103 1497 550
952 -794 551
589 -1741 552
938 -39 553
979 -831 554
-1798 -551 555
726 -368 556
-636 -1805 557
240 -1849 558
595 -1470 559
-1194 628 560
1137 1141 561
-1185 -776 562
-151 149 563
-265 -1674 564
-564 -1035 565
150 213 566
-1674 222 567
-1003 1505 568
1217 -1366 569
1909 -321 570
1374 -802 571
1091 758 572
614 -892 573
-1197 962 574
-473 -1825 575
627 1742 576
294 1365 577
-1032 -786 578
1268 -1268 579
1721 907 580
-875 -317 581
-1024 1672 582
1585 692 583
523 253 584
-831 1127 585
-845 -800 586
-544 -94 587
1415 -169 588
1382 -930 589
-179 -1566 590
-75 -1334 591
-307 -143 592
1486 1094 593
953 1539 594
-1770 -838 595
665 -1199 596
-1119 -1305 597
1088 -589 598
-237 1066 599
-1706 946 600
1239 -1468 601
-518 -1293 602
-1360 1372 603
-412 553 604
-90 -1777 605
-274 -1632 606
-1986 61 607
-798 1582 608
-779 1535 609
362 -591 610
-1708 422 611
285 377 612
-1742 -507 613
814 -1527 614
501 -435 615
691 1009 616
577 1759 617
1634 -858 618
-206 -1666 619
-1117 507 620
143 289 621
-1020 -849 622
376 -127 623
808 1554 624
-422 302 625
-1724 -270 626
710 1814 627
579 -1758 628
-1571 -468 629
756 1249 630
-239 -373 631
-188 663 632
1097 -1201 633
1590 -279 634
1099 127 635
896 404 636
-385 -930 637
1729 -199 638
909 1628 639
-1234 -993 640
1379 -699 641
267 -56 642
-1200 -1138 643
554 278 644
-1416 -1336 645
-741 676 646
1682 1082 647
797 828 648
-1514 162 649
194 -1138 650
-711 -1112 651
140 -273 652
-125 -23 653
-1841 398 654
-74 -1617 655
-1212 345 656
689 1327 657
-1331 54 658
225 1127 659
1852 86 660
-1185 -1259 661
-220 -1255 662
-1156 1265 663
-1132 -636 664
-312 391 665
-1298 -980 666
-1797 637 667
-1069 -1671 668
1790 362 669
764 1015 670
431 -1865 671
1723 -839 672
162 -1968 673
191 -1365 674
625 -431 675
725 -647 676
919 -370 677
-526 78 678
1418 -52 679
-279 -932 680
476 1873 681
1607 -1002 682
342 -1151 683
1171 -904 684
-601 1523 685
514 -1111 686
-1337 -98 687
869 -132 688
-1771 -455 689
-642 -1130 690
89 1123 691
-625 1070 692
-1555 276 693
898 -491 694
430 -1289 695
1001 -869 696
-1010 -1236 697
1448 -963 698
-564 -1434 699
1559 174 700
884 -1370 701
-1792 -595 702
74 -325 703
1447 169 704
1316 -839 705
1012 1055 706
-1035 -603 707
-1582 1203 708
-806 452 709
174 -1808 710
-1717 -414 711
994 867 712
399 -1074 713
-459 1806 714
1630 299 715
824 617 716
-917 -254 717
-1286 -982 718
1851 -340 719
1213 442 720
535 114 721
592 -490 722
-1030 -1454 723
-874 872 724
125 -1978 725
-749 1799 726
1948 390 727
-892 932 728
1322 596 729
-536 -1140 730
-1452 -1286 731
381 -182 732
-825 447 733
1532 1052 734
-1268 754 735
1693 191 736
1840 179 737
-1465 -506 738
-1043 525 739
1016 -809 740
-1359 -395 741
-718 1752 742
213 -1118 743
-1527 487 744
-425 -1319 745
1247 -374 746
-1416 210 747
-264 -445 748
-1661 -551 749
1728 -318 750
-423 -110 751
-290 -1316 752
742 297 753
-528 -1703 754
-1376 937 755
1430 1323 756
-1046 -1011 757
-457 -1153 758
-214 1364 759
744 262 760
1421 -1175 761
614 -329 762
-103 511 763
571 468 764
-399 -1137 765
-814 -74 766
-1511 1083 767
-666 660 768
893 -789 769
225 -50 770
-175 -595 771
1351 138 772
-616 -1187 773
1423 330 774
-1683 -367 775
-636 1569 776
-1707 -546 777
899 1680 778
1174 1505 779
1046 -1699 780
1071 -1281 781
-1395 -210 782
718 737 783
-1088 304 784
-55 757 785
582 -1477 786
-1211 -613 787
1628 -416 788
-1065 1175 789
1520 1069 790
1027 -1623 791
-225 -1917 792
956 -995 793
-631 1594 794
-21 -1627 795
394 791 796
413 190 797
-698 243 798
-626 -399 799
521 -707 800
218 -1579 801
-1043 166 802
-369 -517 803
876 656 804
-1630 316 805
394 -1622 806
1648 873 807
-1461 -664 808
1471 -1139 809
-329 -893 810
-988 691 811
1314 -581 812
545 1287 813
-64 1014 814
-1258 43 815
1412 95 816
-746 1268 817
-581 553 818
-1545 -351 819
-1861 216 820
-1365 780 821
-403 -1521 822
-1789 -535 823
578 375 824
-280 317 825
1396 1203 826
1196 1075 827
439 1264 828
-439 -387 829
92 1958 830
-239 1805 831
528 -225 832
-348 -1203 833
-880 1025 834
-1335 925 835
243 1343 836
992 386 837
457 -1222 838
723 -1663 839
-719 404 840
-1815 746 841
1432 -796 842
-225 1796 843
1536 -961 844
-1172 -661 845
1006 1556 846
-1798 742 847
-274 962 848
1275 168 849
1185 602 850
-856 1680 851
-222 1554 852
1476 -646 853
1597 -758 854
798 -665 855
943 -739 856
1455 -1143 857
1794 195 858
-1298 1460 859
316 -1829 860
25 853 861
-509 1257 862
1107 -729 863
1345 -1426 864
-1688 1018 865
-524 -536 866
1685 148 867
-1913 -433 868
10 -1347 869
916 -1477 870
-1304 1384 871
1375 772 872
978 -1555 873
1072 160 874
-420 293 875
-951 -374 876
-1027 904 877
-922 1134 878
-797 1731 879
-869 351 880
-1526 -187 881
-690 -1750 882
-1600 -573 883
538 652 884
-33 -318 885
1363 702 886
-1076 -1147 887
609 1884 888
-1122 -50 889
1397 1096 890
1888 6 891
-1675 201 892
-706 -1001 893
811 1384 894
804 -1263 895
-1283 -985 896
151 878 897
108 -1730 898
1096 49 899
-453 1359 900
1218 -952 901
1195 906 902
104 -168 903
-724 -1385 904
1242 -33 905
474 1096 906
-1357 -765 907
559 209 908
-1526 -78 909
-1851 -535 910
-273 1836 911
68 1933 912
-1727 479 913
1319 -1443 914
1549 979 915
1542 256 916
527 -1899 917
-458 -627 918
2 1258 919
711 -894 920
-439 -1536 921
-1650 972 922
1013 1597 923
-596 -1349 924
-807 -1358 925
-195 1824 926
-117 1656 927
-1155 1009 928
-1031 1481 929
334 -933 930
341 1285 931
-1935 -340 932
-1666 -69 933
1093 1406 934
345 1634 935
486 1929 936
-1035 1358 937
767 -1736 938
891 -92 939
1211 -1425 940
467 1593 941
1017 1552 942
1342 515 943
27 -1729 944
-1711 426 945
-761 938 946
1303 -325 947
-1833 -15 948
750 1245 949
-1616 -449 950
-1461 -985 951
-701 -416 952
73 -404 953
1297 -1111 954
1449 38 955
82 -1291 956
-175 214 957
-601 -685 958
1907 342 959
219 918 960
-699 -1827 961
474 582 962
-61 1884 963
-616 -729 964
384 1863 965
545 -668 966
1372 244 967
-1155 -1018 968
1838 672 969
541 -1129 970
-1622 -25 971
-188 791 972
-621 -559 973
-548 -1636 974
22 -221 975
782 -105 976
1469 893 977
576 339 978
840 1104 979
-1615 -36 980
-1439 380 981
-684 359 982
1460 35 983
30 -1740 984
-567 -1790 985
1862 574 986
605 322 987
1443 105 988
-715 -696 989
481 670 990
-1699 -20 991
1034 -128 992
807 -129 993
533 -1784 994
-1493 -585 995
-893 536 996
-841 1572 997
164 972 998
-1901 -441 999
85 -702 1000
-960 -1350 1001
387 -1396 1002
-181 1586 1003
-975 -1216 1004
-1033 -1568 1005
37 338 1006
-735 1557 1007
-434 1531 1008
-68 -704 1009
-1166 1563 1010
686 592 1011
-527 -1228 1012
1445 -450 1013
739 -407 1014
-1672 734 1015
326 -1326 1016
555 -1479 1017
1289 -1203 1018
15 149 1019
202 628 1020
801 1151 1021
-1678 -863 1022
855 -1407 1023
-1157 -550 1024
-1156 601 1025
-1256 1097 1026
-1095 -738 1027
-240 785 1028
1691 -1000 1029
-719 -559 1030
475 378 1031
1130 -72 1032
938 361 1033
815 1624 1034
-1252 1536 1035
-398 -1771 1036
618 620 1037
-399 -483 1038
-1518 154 1039
-130 -433 1040
-686 -1344 1041
940 1222 1042
-1549 -615 1043
656 -1155 1044
-207 780 1045
1734 748 1046
-836 1180 1047
1040 1233 1048
1105 1427 1049
-404 1702 1050
1481 627 1051
-1753 -292 1052
-691 1367 1053
-602 -653 1054
-1033 -317 1055
736 -1562 1056
1017 667 1057
1146 -1448 1058
701 -229 1059
1041 765 1060
-803 1718 1061
1425 -594 1062
-1259 1521 1063
789 -1286 1064
-1554 -1026 1065
1614 706 1066
-1102 551 1067
1578 443 1068
105 -1693 1069
1789 650 1070
1075 498 1071
1711 -836 1072
-384 26 1073
-120 -1881 1074
278 -347 1075
-264 -1130 1076
-494 1563 1077
1614 843 1078
-2 1687 1079
598 -1055 1080
1157 -368 1081
530 1695 1082
326 -905 1083
496 -1207 1084
1479 254 1085
421 1947 1086
-167 1622 1087
1092 -978 1088
397 -1937 1089
-1190 1341 1090
-247 -664 1091
-117 -506 1092
800 990 1093
-1922 107 1094
-1243 -945 1095
192 -1108 1096
1166 1047 1097
93 30 1098
-1185 700 1099
-819 -1729 1100
558 1212 1101
-150 983 1102
-588 1255 1103
354 424 1104
964 -497 1105
-556 1719 1106
931 1193 1107
545 -1765 1108
-1568 589 1109
864 1715 1110
11 -1833 1111
1506 797 1112
-336 -1417 1113
1675 413 1114
-705 -450 1115
-1458 -340 1116
-462 112 1117
-348 655 1118
-485 160 1119
1536 298 1120
1157 962 1121
-164 -1219 1122
-1101 74 1123
1307 -95 1124
450 -456 1125
1412 723 1126
-1864 251 1127
-591 -1002 1128
685 520 1129
474 -1780 1130
-860 101 1131
1565 -1056 1132
-1060 -934 1133
394 1780 1134
-833 1 1135
-327 1531 1136
-682 155 1137
1285 869 1138
-569 363 1139
-374 162 1140
1606 38 1141
267 640 1142
-36 -1848 1143
-600 -974 1144
-325 1947 1145
-1874 283 1146
485 -629 1147
-1271 1059 1148
-285 -899 1149
338 372 1150
-1065 658 1151
-1048 408 1152
-656 -1373 1153
1361 -298 1154
-373 178 1155
-261 1903 1156
1954 -421 1157
-1522 423 1158
-1434 401 1159
-354 564 1160
-563 -760 1161
-317 -655 1162
671 853 1163
-1092 1350 1164
-1199 1217 1165
584 1491 1166
-1334 754 1167
-316 1383 1168
-987 -1496 1169
-657 849 1170
1083 -1149 1171
1008 1322 1172
1297 -927 1173
1348 531 1174
-69 -1450 1175
1296 1309 1176
-1396 -199 1177
1534 -414 1178
-1507 -437 1179
-627 952 1180
1088 1092 1181
283 914 1182
-1713 -534 1183
1459 168 1184
-734 -724 1185
1400 1094 1186
1222 489 1187
227 -862 1188
-1136 -1470 1189
-511 1152 1190
-1357 -1280 1191
-1150 -746 1192
-530 -1066 1193
-1567 -1239 1194
1599 -1162 1195
-1247 969 1196
1740 -613 1197
1136 1174 1198
554 1778 1199
1805 122 1200
11 1375 1201
1387 -539 1202
-1017 170 1203
-207 646 1204
790 -1267 1205
-1485 -803 1206
1258 -728 1207
0 778 1208
-884 972 1209
391 878 1210
-734 -1214 1211
-73 300 1212
1264 160 1213
-1463 173 1214
651 -925 1215
-43 -1865 1216
-9 763 1217
-1111 -438 1218
65 1399 1219
920 1156 1220
-1025 -1151 1221
-449 -1068 1222
-159 -1552 1223
-1031 587 1224
757 -1758 1225
-437 448 1226
1330 -1327 1227
-887 1059 1228
-543 86 1229
1296 789 1230
576 1237 1231
-14 -546 1232
1072 -1285 1233
-852 370 1234
857 -513 1235
-1399 -469 1236
-842 1678 1237
798 1056 1238
-1637 -1080 1239
287 -1306 1240
-1413 -846 1241
463 -1242 1242
-690 -1334 1243
331 -897 1244
-1512 -26 1245
751 -173 1246
543 -1286 1247
1378 -838 1248
-106 -568 1249
1949 -312 1250
-1417 1381 1251
1147 -599 1252
365 111 1253
-639 -354 1254
1121 -1626 1255
1248 981 1256
-457 1575 1257
-208 258 1258
-1101 -1488 1259
859 516 1260
-1129 -1106 1261
1265 -960 1262
1965 -10 1263
411 29 1264
1353 162 1265
-85 -35 1266
-1004 538 1267
-1211 556 1268
267 -189 1269
1045 1386 1270
2 1532 1271
-465 -1518 1272
609 -1399 1273
677 -948 1274
-696 1062 1275
556 -602 1276
766 -1291 1277
1492 -389 1278
1739 566 1279
-1107 -1410 1280
1110 -695 1281
783 1798 1282
-990 186 1283
579 1764 1284
-118 1662 1285
793 -888 1286
730 1814 1287
1865 438 1288
1502 -38 1289
241 -1156 1290
-1937 -432 1291
-1000 663 1292
84 1766 1293
1040 -1083 1294
1766 -615 1295
-1023 -1311 1296
-1111 -435 1297
-277 53 1298
-1818 -691 1299
1124 504 1300
1380 1015 1301
561 -1735 1302
1679 -279 1303
-684 424 1304
187 -1244 1305
659 -278 1306
-90 1285 1307
-1672 -365 1308
1592 -1190 1309
-587 1793 1310
-406 -1514 1311
489 -971 1312
1814 -697 1313
1283 -1188 1314
-1033 -462 1315
-1135 166 1316
-1105 545 1317
-664 207 1318
842 -1696 1319
-1023 -703 1320
1085 -1408 1321
-704 -338 1322
1847 182 1323
1581 1058 1324
610 -54 1325
1510 -473 1326
-878 -662 1327
-585 -157 1328
-453 118 1329
1201 976 1330
1183 140 1331
1290 890 1332
1514 -343 1333
294 -79 1334
-916 -1715 1335
780 -1069 1336
1172 1432 1337
-1427 -941 1338
1865 563 1339
1625 747 1340
458 -929 1341
1372 -775 1342
-1620 -648 1343
-903 1615 1344
54 -1556 1345
1839 -395 1346
-1520 -117 1347
1583 -1173 1348
-260 -189 1349
-509 1099 1350
-1041 -1420 1351
1283 -1532 1352
-1826 -418 1353
-353 -1177 1354
802 1016 1355
539 -253 1356
223 1924 1357
-1160 -260 1358
906 -1332 1359
529 279 1360
-124 1214 1361
506 1788 1362
-1068 -1682 1363
381 1758 1364
813 -498 1365
-1181 336 1366
145 751 1367
895 -1127 1368
-425 -645 1369
-808 -1702 1370
-1687 384 1371
-1051 -1621 1372
432 260 1373
775 41 1374
-1290 -871 1375
-344 -1293 1376
1425 687 1377
-537 -1552 1378
994 687 1379
1619 -1173 1380
-735 1840 1381
-1109 1629 1382
847 1586 1383
-1174 -848 1384
1295 1433 1385
685 -1281 1386
-64 162 1387
1566 854 1388
794 1688 1389
328 1125 1390
-829 1009 1391
-1194 662 1392
-1052 1112 1393
347 -446 1394
262 711 1395
-1227 -664 1396
-863 1470 1397
-1909 444 1398
-499 -1444 1399
-1496 1121 1400
827 587 1401
491 -1058 1402
386 1215 1403
-1092 -348 1404
910 638 1405
-220 -1455 1406
154 -1431 1407
301 -939 1408
279 -1126 1409
463 289 1410
941 -512 1411
-330 -1071 1412
547 63 1413
1106 1191 1414
-39 -145 1415
1147 1292 1416
-1397 1355 1417
419 45 1418
22 1458 1419
790 -355 1420
904 1225 1421
-939 -1345 1422
-44 1511 1423
1055 796 1424
-734 1765 1425
-315 -248 1426
-1235 341 1427
821 1220 1428
-190 -1586 1429
1563 -1081 1430
-477 1374 1431
-789 -592 1432
1664 -371 1433
-1835 -597 1434
-147 1088 1435
1320 -841 1436
1729 -316 1437
1272 -1092 1438
-1800 -54 1439
245 131 1440
187 -1007 1441
-1666 456 1442
1480 950 1443
350 1795 1444
-797 1565 1445
368 -780 1446
998 688 1447
1169 -904 1448
493 87 1449
-409 -988 1450
1148 1249 1451
-1262 1305 1452
-1637 21 1453
1611 348 1454
723 -1664 1455
1126 -443 1456
-1028 1271 1457
-944 -183 1458
1155 -318 1459
1466 467 1460
-1037 1000 1461
61 -1643 1462
-1276 -1367 1463
1282 -678 1464
764 -284 1465
385 -763 1466
-617 290 1467
528 52 1468
-1102 -974 1469
1309 791 1470
173 1120 1471
-1677 -875 1472
-1057 -91 1473
185 -1094 1474
135 790 1475
-531 1827 1476
-492 439 1477
888 -200 1478
-928 1298 1479
219 -1977 1480
1074 -520 1481
841 -571 1482
1510 -1094 1483
37 -1332 1484
-1920 88 1485
-1337 1165 1486
451 769 1487
-49 -100 1488
-1065 -992 1489
-253 -1566 1490
116 1376 1491
-1528 -426 1492
837 985 1493
-1732 -396 1494
570 65 1495
-205 1426 1496
1279 672 1497
-97 1550 1498
174 963 1499
184 -986 1500
456 -464 1501
1239 929 1502
-501 1766 1503
779 -1517 1504
-56 1913 1505
-1765 823 1506
-931 1314 1507
474 -41 1508
-913 249 1509
-911 -1460 1510
218 -297 1511
-328 598 1512
1857 -136 1513
-1166 -1271 1514
-604 -1482 1515
-1506 -147 1516
-1228 -260 1517
-1907 500 1518
-349 1174 1519
-756 -1831 1520
-548 -1438 1521
-63 1462 1522
207 744 1523
761 1090 1524
-288 -148 1525
-575 1425 1526
745 -1804 1527
-795 543 1528
-150 -1471 1529
168 16 1530
-1881 -640 1531
-1372 879 1532
-61 -1268 1533
-245 1452 1534
-884 663 1535
412 1883 1536
-146 -929 1537
1547 1263 1538
636 318 1539
792 27 1540
-347 820 1541
902 -1451 1542
-568 461 1543
-526 333 1544
823 1070 1545
1050 -883 1546
-1393 1257 1547
-1095 1533 1548
-987 1331 1549
-427 1465 1550
-160 -1350 1551
-226 144 1552
-737 -1324 1553
-1019 1703 1554
-704 -1826 1555
1524 -831 1556
-1239 588 1557
-1579 984 1558
172 -1592 1559
907 208 1560
-1517 288 1561
827 -204 1562
-403 675 1563
-318 1452 1564
-23 1317 1565
440 -1064 1566
-752 -670 1567
-1594 1017 1568
607 -1162 1569
1449 -1357 1570
-1770 486 1571
-131 -1920 1572
1043 985 1573
1822 -91 1574
1589 -6 1575
385 -1829 1576
1438 207 1577
83 1471 1578
152 -1909 1579
-508 -841 1580
-1293 242 1581
-104 -423 1582
882 -14 1583
1298 -1248 1584
52 1135 1585
-1495 342 1586
1529 -153 1587
1744 -608 1588
-1966 144 1589
1889 -541 1590
-1233 1049 1591
1570 -337 1592
516 -1806 1593
1115 -532 1594
984 -1614 1595
-1142 -1509 1596
-1044 166 1597
1607 -376 1598
309 -1159 1599
-92 839 1600
1671 -69 1601
1490 990 1602
1297 -909 1603
-1260 388 1604
1702 -634 1605
1418 -184 1606
253 -72 1607
179 1401 1608
-828 -91 1609
-374 1163 1610
177 -835 1611
-536 467 1612
-901 86 1613
-554 689 1614
-34 -248 1615
595 257 1616
-871 -573 1617
-1362 737 1618
1808 -478 1619
-1086 1510 1620
1275 887 1621
-289 -1017 1622
-959 -381 1623
-287 -832 1624
1678 567 1625
1740 256 1626
-905 898 1627
194 1613 1628
463 -1012 1629
-209 1149 1630
-613 -1233 1631
-1812 -574 1632
380 1033 1633
-344 1717 1634
-458 1199 1635
115 1337 1636
-238 756 1637
5 319 1638
920 1073 1639
-356 1188 1640
-165 -660 1641
761 1417 1642
1257 1311 1643
-932 1557 1644
-504 44 1645
204 -733 1646
1413 -813 1647
-1445 -1298 1648
634 681 1649
102 427 1650
335 193 1651
1409 -945 1652
-669 -96 1653
-1056 -229 1654
1123 720 1655
-925 683 1656
-1402 921 1657
1903 -234 1658
52 -488 1659
-1600 102 1660
-897 -646 1661
1416 -854 1662
-879 261 1663
-319 -989 1664
636 29 1665
1946 -199 1666
-32 284 1667
362 -1629 1668
-594 1258 1669
281 1407 1670
-1340 -638 1671
294 325 1672
-824 507 1673
49 -184 1674
771 -1196 1675
18 1969 1676
315 1763 1677
480 498 1678
1733 548 1679
-168 -102 1680
-961 -682 1681
1429 -1313 1682
-872 1369 1683
1224 632 1684
561 746 1685
-559 1182 1686
840 -785 1687
1080 -1328 1688
856 -332 1689
1314 -778 1690
924 1442 1691
-1331 -1394 1692
-1144 776 1693
-1319 -522 1694
-323 381 1695
1346 529 1696
-1658 731 1697
1456 182 1698
140 -267 1699
-1472 -402 1700
556 -1183 1701
-250 -1982 1702
669 1495 1703
116 -1878 1704
1736 -527 1705
1520 116 1706
-283 -1681 1707
672 -1111 1708
-1363 -441 1709
-26 1117 1710
-1317 -1351 1711
-621 -1085 1712
-351 1889 1713
-917 -216 1714
757 -807 1715
1283 867 1716
-214 -1143 1717
292 1328 1718
-420 1430 1719
1617 805 1720
358 1605 1721
401 -1665 1722
1064 -1343 1723
396 -728 1724
1793 -708 1725
686 -147 1726
640 1615 1727
1611 -952 1728
-276 1393 1729
-898 -1003 1730
430 1545 1731
1063 671 1732
-1037 -704 1733
-340 1800 1734
1296 -723 1735
1014 426 1736
196 760 1737
1583 -23 1738
820 -173 1739
-1603 -1039 1740
13 -1231 1741
183 -247 1742
860 233 1743
-245 -1387 1744
890 189 1745
-421 1782 1746
1173 546 1747
-101 -1995 1748
1265 -974 1749
-1330 796 1750
-1371 -497 1751
-184 1860 1752
-1888 644 1753
1225 -143 1754
-1346 712 1755
-22 1832 1756
734 1790 1757
471 -781 1758
280 188 1759
1384 748 1760
-1727 -77 1761
-708 1606 1762
-233 730 1763
818 -1469 1764
285 -1723 1765
1326 -145 1766
1617 -121 1767
-178 -255 1768
304 -738 1769
564 112 1770
904 385 1771
1585 660 1772
636 -1150 1773
678 -1706 1774
-1192 -910 1775
629 592 1776
-1170 570 1777
1180 -663 1778
1654 446 1779
576 385 1780
973 -1332 1781
633 -1226 1782
-982 490 1783
569 1438 1784
1537 -147 1785
1070 -1029 1786
-1106 -186 1787
559 -1534 1788
-1038 333 1789
-1575 -944 1790
313 465 1791
316 -143 1792
-1379 -509 1793
-309 1782 1794
147 1646 1795
683 1261 1796
1726 -405 1797
-1678 1071 1798
670 -1279 1799
897 -997 1800
-1797 45 1801
1746 379 1802
1236 1413 1803
-568 253 1804
-70 27 1805
639 -1138 1806
560 -1666 1807
-445 -1408 1808
-301 1385 1809
784 680 1810
1898 -260 1811
-900 648 1812
-543 -1038 1813
688 749 1814
1915 -117 1815
-761 186 1816
-267 350 1817
318 -1291 1818
1935 353 1819
-30 -1678 1820
-1330 990 1821
-1480 -820 1822
1719 -344 1823
1031 -1711 1824
-864 601 1825
789 -1105 1826
318 -16 1827
-688 1484 1828
428 292 1829
1868 -607 1830
1945 309 1831
-1536 -510 1832
-907 1525 1833
-1741 -618 1834
369 1939 1835
-773 457 1836
229 -622 1837
1448 921 1838
-1287 -312 1839
-1227 -1578 1840
1588 101 1841
-214 300 1842
706 1806 1843
930 1093 1844
930 -394 1845
380 367 1846
-482 1569 1847
-1065 121 1848
-118 -1887 1849
-699 853 1850
-427 -1259 1851
-1082 -314 1852
900 1713 1853
-1123 1090 1854
423 1322 1855
-1814 -480 1856
761 24 1857
76 -1121 1858
-1217 899 1859
879 -665 1860
-224 1075 1861
-92 70 1862
-483 -697 1863
-731 843 1864
-482 -1260 1865
-1481 265 1866
-1071 -855 1867
1179 1202 1868
1221 -1280 1869
-1091 -1485 1870
-1295 901 1871
-575 -283 1872
-165 -803 1873
-940 1316 1874
820 -1629 1875
685 -638 1876
-1049 885 1877
523 107 1878
-1235 -977 1879
560 674 1880
1396 729 1881
-350 -783 1882
448 -1376 1883
1206 -522 1884
996 927 1885
1904 -460 1886
1121 -517 1887
-644 621 1888
-62 -816 1889
-1505 1295 1890
-110 1330 1891
728 -50 1892
-1793 320 1893
-580 1492 1894
402 -1325 1895
336 -252 1896
1314 1455 1897
-806 1317 1898
530 912 1899
-192 -1656 1900
952 -460 1901
-1236 -455 1902
230 -105 1903
-47 -1104 1904
-41 -314 1905
1572 1030 1906
-635 1502 1907
-1695 421 1908
-1070 -1248 1909
869 -172 1910
461 -11 1911
1144 -1348 1912
-1530 1031 1913
-1433 -1140 1914
-734 895 1915
765 -1282 1916
-133 -651 1917
-863 -458 1918
-803 -390 1919
691 -1179 1920
-1706 -54 1921
-686 621 1922
1073 -1358 1923
-1085 -253 1924
-910 1694 1925
1944 -87 1926
-440 -942 1927
-1576 -933 1928
-710 -562 1929
-1403 1351 1930
1322 -111 1931
236 164 1932
1251 976 1933
-952 -1548 1934
-645 -511 1935
455 1175 1936
-974 252 1937
-721 1289 1938
1671 -812 1939
-654 -1469 1940
675 -1701 1941
-503 -1767 1942
-1109 -732 1943
-1735 126 1944
1896 315 1945
1276 206 1946
249 1902 1947
-275 -1836 1948
-949 411 1949
-1073 -1630 1950
-589 -132 1951
-1541 589 1952
352 -438 1953
-139 -884 1954
4 917 1955
1505 -806 1956
1876 544 1957
279 1825 1958
400 1900 1959
1154 1007 1960
-928 1688 1961
771 691 1962
401 -177 1963
-883 -551 1964
831 1716 1965
636 -1370 1966
1113 245 1967
726 222 1968
1353 -881 1969
-40 1497 1970
-956 1538 1971
-1756 -359 1972
-110 -599 1973
567 1658 1974
935 -843 1975
175 691 1976
-376 1710 1977
-1085 -909 1978
-1275 941 1979
-631 1307 1980
-879 -972 1981
43 -252 1982
-1569 -136 1983
-496 1321 1984
-681 825 1985
-661 -130 1986
-527 -1725 1987
-752 -1734 1988
38 -1537 1989
-1128 933 1990
-1371 1455 1991
271 -407 1992
-143 294 1993
-1325 -471 1994
-845 -13 1995
-1095 -1530 1996
1268 826 1997
2 -1432 1998
54 -1553 1999
