-18 -1244 0
1803 -240 1
350 53 2
426 592 3
937 1310 4
-741 237 5
-1561 -1164 6
-1111 -601 7
71 1354 8
-97 -759 9
1833 778 10
-367 -1784 11
227 -905 12
886 -1339 13
1067 -156 14
347 788 15
1509 -656 16
311 1542 17
746 -623 18
-230 -298 19
810 1036 20
-1779 577 21
690 -1312 22
-1347 1068 23
-993 -1327 24
-414 -1190 25
-224 -334 26
-1525 -544 27
1310 533 28
-720 112 29
750 -3 30
-367 -79 31
-1134 -588 32
-782 -892 33
214 87 34
407 430 35
-584 789 36
-1695 729 37
1543 -5 38
225 1097 39
169 1206 40
296 -375 41
-409 246 42
153 -1240 43
1265 1307 44
673 -1173 45
546 1319 46
683 1795 47
881 268 48
-1723 510 49
853 -1606 50
-1129 1501 51
-646 -228 52
912 -532 53
70 1903 54
-113 872 55
625 321 56
-485 928 57
-502 -22 58
1337 -810 59
-584 -1599 60
-906 915 61
135 -1766 62
1164 1348 63
-973 -141 64
-601 185 65
757 -861 66
-197 -657 67
21 -1108 68
-556 -912 69
-391 -825 70
1429 565 71
-837 -194 72
1506 213 73
-1551 1023 74
-806 1312 75
-277 -1750 76
1390 296 77
718 753 78
594 1801 79
-1545 398 80
-220 1806 81
-1444 764 82
-435 -1772 83
-752 797 84
976 -602 85
71 1793 86
-109 -863 87
-78 -103 88
1368 247 89
1241 583 90
-595 1749 91
1281 -1099 92
779 -1505 93
279 -33 94
-1242 -258 95
-347 -1716 96
-24 -771 97
-315 944 98
114 817 99
-1337 1228 100
-1418 -68 101
-1595 729 102
276 -1423 103
-691 -1212 104
215 43 105
-1834 432 106
-351 -376 107
823 -1474 108
-1445 1138 109
46 -1925 110
1284 -1499 111
-1113 47 112
-483 -1265 113
1661 -502 114
-508 -701 115
164 336 116
-1213 1071 117
1412 -28 118
282 -1828 119
-62 1095 120
-792 1298 121
59 -1504 122
409 1017 123
1228 315 124
247 -852 125
140 316 126
1378 1350 127
493 -107 128
1291 584 129
-762 -1151 130
-367 349 131
214 426 132
-28 -419 133
804 -97 134
415 -1552 135
1309 785 136
294 1356 137
-1855 587 138
1747 768 139
-128 1990 140
337 -1099 141
220 -1632 142
-397 1878 143
75 -860 144
-545 1499 145
222 1870 146
429 1222 147
793 -1168 148
548 -217 149
-838 -1018 150
-584 -723 151
-587 -46 152
1108 1554 153
1426 -1399 154
-1534 259 155
-1035 89 156
-387 -1275 157
1211 -205 158
-654 -329 159
741 -393 160
1240 1413 161
18 964 162
1511 -1086 163
402 -834 164
1709 -693 165
-1124 1047 166
-511 -7 167
-350 -430 168
192 -1341 169
458 383 170
-380 523 171
1220 -721 172
-1026 -1300 173
-439 268 174
-63 1601 175
-137 -1535 176
-354 784 177
487 -959 178
-1406 682 179
1609 -560 180
786 -1521 181
1650 970 182
-1145 1636 183
-723 -1130 184
674 121 185
-84 -1852 186
-1383 -666 187
509 847 188
648 -1008 189
-508 -1303 190
34 -1096 191
-1466 1060 192
-1960 12 193
592 -1547 194
-41 1738 195
336 -158 196
1240 -1071 197
1898 525 198
1069 -239 199
