111 495 0
-706 4133 1
-4309 999 2
-660 -4621 3
1876 -2488 4
2138 -1368 5
3778 481 6
1401 -1157 7
3080 3426 8
2466 -3463 9
307 674 10
-2466 2306 11
-4302 -2180 12
-1436 -1601 13
-427 3840 14
-4380 987 15
-862 -4365 16
-3958 -999 17
1258 -4027 18
3038 1358 19
171 3488 20
2459 -2222 21
1195 -2689 22
-2374 637 23
-2212 1692 24
2819 3638 25
135 -1249 26
4513 -655 27
4418 103 28
-2793 2902 29
-2556 -1429 30
-4282 780 31
356 -3462 32
2492 -4041 33
3810 -605 34
-2375 1595 35
-799 3387 36
-3263 -2863 37
-1707 1941 38
1100 4610 39
3969 1113 40
1850 2750 41
-1490 -1084 42
2281 -2125 43
-4741 -162 44
1071 379 45
-2362 880 46
4506 -1401 47
-3915 -2571 48
3555 -1428 49
-2916 839 50
61 -2777 51
-487 -713 52
-1307 -909 53
-895 3265 54
138 2599 55
-467 1364 56
-3303 -3712 57
-3441 -1034 58
-2592 3950 59
1249 -4686 60
-363 -3509 61
-11 -2981 62
-2333 -299 63
1182 -1348 64
-3249 619 65
-54 -178 66
2170 4180 67
-2554 -4080 68
2504 85 69
-3863 1170 70
-1814 -3993 71
3207 -3751 72
281 -4000 73
2631 -3901 74
-4230 -2379 75
790 -879 76
-218 3617 77
-1858 943 78
121 600 79
3345 -2254 80
-1350 -2739 81
3857 1328 82
-3495 -2067 83
-892 -705 84
2241 -1582 85
2910 -3968 86
-3441 -2448 87
-3381 -1427 88
2845 723 89
2216 -4316 90
58 4909 91
1813 -1562 92
2436 3548 93
1027 1903 94
-3433 -1558 95
-3114 444 96
-4237 -1178 97
2044 -1811 98
-4583 -216 99
2517 2811 100
4840 1103 101
-3186 -819 102
-1056 338 103
1162 1323 104
-2216 1693 105
-2875 -3383 106
3579 -1612 107
1976 2728 108
-768 -4037 109
754 366 110
3060 -1511 111
-3734 2751 112
-2230 -3193 113
-391 -1634 114
1253 4014 115
-1243 1189 116
1372 260 117
3000 -1789 118
1265 223 119
680 -1579 120
4406 -513 121
1734 -4532 122
897 -4613 123
-2473 3858 124
2662 4186 125
2082 3233 126
2133 885 127
-1011 1949 128
3016 740 129
1941 -1953 130
2324 -3181 131
167 4218 132
4526 -1366 133
3649 -2237 134
736 -1940 135
3712 -740 136
-3939 -1247 137
-4176 2253 138
-1133 -936 139
2654 2347 140
-681 3192 141
-360 -2187 142
-943 -2074 143
2249 3137 144
-384 4146 145
-67 2829 146
3786 931 147
-4082 -2886 148
721 4324 149
-3140 2531 150
3094 -323 151
1259 -1625 152
2246 -3869 153
3467 -1720 154
-2793 -3182 155
-889 945 156
-2812 2055 157
-3192 -2280 158
389 4139 159
2221 -2922 160
91 3089 161
-489 -2171 162
679 866 163
-915 259 164
1733 -1825 165
946 -1099 166
2301 -3923 167
-2459 3836 168
1076 4236 169
2862 1356 170
-756 1166 171
971 -1040 172
1053 3414 173
4318 -1690 174
2088 -2519 175
-1254 -4647 176
-78 -4017 177
1342 -3659 178
2881 1051 179
-1882 3746 180
-701 2601 181
-3491 1800 182
-2683 -2028 183
-736 -4503 184
989 3337 185
-1096 3433 186
4334 2 187
4222 87 188
-2081 -1707 189
-537 393 190
-3469 2964 191
-472 -2152 192
4572 -1425 193
-2236 -1282 194
-2528 2076 195
-3001 413 196
-4740 -1413 197
-3737 1105 198
-203 -716 199
