-54 -460 0
395 -41 1
1548 1211 2
-778 -1273 3
-1904 6 4
-562 286 5
240 -733 6
-1297 -16 7
-768 -1462 8
-998 -1219 9
-272 535 10
1612 -25 11
1088 822 12
-1813 -399 13
-105 858 14
955 1420 15
-380 -1183 16
-1648 107 17
-1384 888 18
906 -1357 19
-995 -1399 20
-1226 -1173 21
1402 800 22
442 -814 23
-1726 -820 24
107 -1786 25
377 -1729 26
-1647 -873 27
-1006 -40 28
394 -279 29
101 -1248 30
265 -1354 31
844 -139 32
-1486 -971 33
306 -604 34
-980 -857 35
-40 765 36
-777 -1035 37
896 -341 38
1065 -383 39
-1622 -985 40
403 1361 41
-284 1361 42
127 -1008 43
-112 1166 44
-374 -929 45
-1765 199 46
199 -776 47
1410 528 48
1176 -171 49
-77 1572 50
261 1572 51
271 374 52
-584 -198 53
-1501 -407 54
-672 -44 55
-45 -1774 56
1617 389 57
1799 159 58
1509 867 59
740 -1403 60
198 -349 61
859 1474 62
-177 1425 63
1943 -362 64
-398 -593 65
-807 960 66
-1037 1346 67
-1702 -983 68
-307 857 69
614 -1250 70
1179 -1035 71
1396 -260 72
328 85 73
-1727 -321 74
-1394 -454 75
-1335 1252 76
92 1826 77
1746 432 78
272 -933 79
-1062 -471 80
-1586 1032 81
-578 1729 82
-1249 296 83
836 1635 84
-1055 812 85
-1166 -1109 86
-1408 -1323 87
30 -761 88
1065 1097 89
-1402 -646 90
1469 290 91
-1220 -634 92
1259 -1172 93
1093 575 94
-646 1500 95
-1118 -236 96
-1018 -1280 97
634 317 98
-532 -1545 99
-58 -1601 100
1148 1577 101
-372 -96 102
844 -311 103
-650 -1253 104
-1733 81 105
1276 -1300 106
1070 117 107
-533 -1347 108
-768 962 109
-743 675 110
125 1083 111
1110 141 112
829 -568 113
226 1191 114
-977 -1491 115
509 940 116
755 -1521 117
601 -1383 118
-1142 -1159 119
1308 370 120
1549 584 121
-4 907 122
254 -1910 123
-996 1700 124
-547 -1415 125
396 345 126
-1003 -1272 127
844 -353 128
-251 1613 129
1002 783 130
-1332 -190 131
-632 57 132
1493 1313 133
-415 -1108 134
-518 -1059 135
-167 -1734 136
-987 1700 137
894 -2 138
-1754 858 139
273 -540 140
1446 -1024 141
-1053 -1425 142
899 -972 143
-635 788 144
-755 -410 145
-512 -629 146
645 378 147
675 -1626 148
1347 -463 149
-1912 292 150
-1365 -611 151
-794 399 152
-1374 -1077 153
384 702 154
-155 -1372 155
376 -254 156
-789 -128 157
1830 243 158
-822 -794 159
317 -104 160
1846 -445 161
-228 1427 162
552 955 163
-1355 101 164
1292 -1264 165
-573 -1264 166
-1682 -311 167
-8 1813 168
366 -202 169
-310 297 170
-821 957 171
1953 -140 172
-43 800 173
-1055 -448 174
-792 -508 175
86 1770 176
1695 -1047 177
711 1645 178
1045 36 179
227 1369 180
-623 -1652 181
-1991 -183 182
-407 1390 183
577 1859 184
-451 -243 185
-1634 -1152 186
1248 -799 187
-396 1857 188
770 1225 189
-1540 454 190
372 1078 191
940 -956 192
1641 -324 193
600 303 194
-1723 967 195
51 1418 196
-1172 -1537 197
-1810 180 198
495 980 199
