187 1887 0
1304 -452 1
270 -1468 2
-664 36 3
-90 1723 4
-1358 866 5
1672 -885 6
-1004 661 7
1153 -1179 8
-892 -257 9
83 561 10
61 -348 11
-1763 -481 12
-1839 -88 13
1603 481 14
1162 1529 15
-798 372 16
883 504 17
-568 -551 18
1737 903 19
75 1231 20
-1077 -1583 21
-1641 702 22
625 1100 23
-1148 -1304 24
566 -1313 25
-1310 -540 26
-1406 -44 27
-1908 49 28
-907 237 29
-1548 452 30
-1272 227 31
1429 745 32
-411 1788 33
1679 579 34
-481 -714 35
-1029 386 36
-466 1121 37
1222 -232 38
-1265 1083 39
942 -1251 40
-110 1569 41
-1235 1064 42
-1832 -170 43
-751 -139 44
-399 -280 45
-1786 575 46
555 -96 47
-156 710 48
-1273 -804 49
1187 -113 50
-648 -341 51
-1102 -1505 52
-274 48 53
417 1270 54
961 -828 55
1755 -134 56
-1252 -481 57
1816 -616 58
1025 -494 59
-976 1441 60
-1648 239 61
-1766 513 62
-780 -1616 63
1016 462 64
679 -32 65
253 549 66
-1037 393 67
824 -674 68
222 -1399 69
-1163 -418 70
-1819 -43 71
570 1228 72
-1228 619 73
-1194 489 74
1491 894 75
1396 1316 76
188 -891 77
197 -257 78
427 -1236 79
-166 -796 80
215 263 81
-397 623 82
898 852 83
-647 682 84
-903 -1695 85
660 300 86
-528 -1058 87
-552 1115 88
585 714 89
-1300 -1466 90
-1347 -784 91
1194 1116 92
-252 1578 93
404 -1038 94
699 -1517 95
-998 724 96
1316 1157 97
-408 1840 98
-289 -597 99
